14:26:15
time to do symbolics	= 0.23028206825256348s 
time to do numerics	= 1.1012990474700928s 
t	x	x' (first order) x	x' (2nd order) etc. 
0.0	0.75	0.0	0.75	0.0	0.75	0.0	
0.07014028056112225	0.7499353010065742	-0.0018448190591451705	0.7499568673377137	-0.001844819059399414	0.7499568671516718	-0.0018448332055760316	
0.1402805611222445	0.7494824601433387	-0.007377790944628551	0.7496549734276752	-0.007377791009707049	0.7496549615236462	-0.007378243562083282	
0.21042084168336672	0.7482537801008533	-0.016590960769672865	0.7488358533537842	-0.016590962437016986	0.7488357178417487	-0.016594396425558672	
0.280561122244489	0.7458630137467105	-0.029463660261522515	0.7472420085416762	-0.029463676905529545	0.747241248045996	-0.029478126543063084	
0.35070140280561124	0.7419270340978478	-0.04595619933806655	0.7446180180953275	-0.045956298439723174	0.7446151226860355	-0.046000288927923585	
0.42084168336673344	0.736068163889162	-0.0660036450901488	0.7407120853636819	-0.06600407054061326	0.7407034648416818	-0.0661131392863031	
0.4909819639278557	0.7279171523333277	-0.08950975214745649	0.7352780060268238	-0.08951120918810941	0.7352563564509244	-0.08974576635525826	
0.561122244488978	0.7171167790066386	-0.1163411259614596	0.7280775356271083	-0.11634535401862153	0.7280295566906506	-0.1167996058857361	
0.6312625250501002	0.7033260553266902	-0.14632171731487506	0.7188831242795856	-0.14633252505529093	0.718786531523435	-0.14714407441390942	
0.7014028056112225	0.6862249829103505	-0.17922776200057478	0.7074809745246674	-0.17925275186946535	0.7073007924797916	-0.18061237085069742	
0.7715430861723447	0.6655198153568345	-0.2147832936774569	0.6936743652773836	-0.21483655658448386	0.6933585408917741	-0.21699750574983673	
0.8416833667334669	0.6409487558807612	-0.2526563699240259	0.6772871710303632	-0.2527624803323242	0.6767616107504565	-0.25604863233971564	
0.9118236472945892	0.6122880079671886	-0.29245616094288757	0.6581674914393684	-0.29265584327241223	0.6573306986699682	-0.29746777039733097	
0.9819639278557114	0.5793580801357181	-0.3337310566568047	0.6361912928239273	-0.33408891980404615	0.634908862588549	-0.3409070340286826	
1.0521042084168337	0.5420302293453657	-0.37596795049498455	0.6112659507084087	-0.3765826920752536	0.6093652612784923	-0.38596649738736855	
1.122244488977956	0.5002329109693489	-0.41859285640993515	0.5833335721413528	-0.41961031555881556	0.5805990939471463	-0.4321928579682063	
1.1923847695390781	0.45395808710352065	-0.46097300902147564	0.552373969037189	-0.4626023900229191	0.5485436827510727	-0.47907908457761433	
1.2625250501002003	0.4032672297861595	-0.5024205847272696	0.5184071500633993	-0.5049540779252405	0.513170620647996	-0.5260652650982288	
1.3326653306613228	0.3482968420947146	-0.5421981636871027	0.4814951994839621	-0.5460340510285003	0.4744938826890185	-0.5725408958124204	
1.402805611222445	0.2892633086852976	-0.5795260284138428	0.4417434176071179	-0.5851951765412889	0.4325737710266919	-0.6178488767558472	
1.4729458917835672	0.22646687882395566	-0.613591364043631	0.39930060966097725	-0.6217867787847626	0.38752053355319027	-0.6612914931336308	
1.5430861723446894	0.16029458001376962	-0.6435593881205504	0.35435842841632625	-0.655168234506447	0.3394974648601284	-0.7021386675284026	
1.6132264529058116	0.09122185963737181	-0.6685863940087088	0.3071497008187992	-0.6847235834536661	0.28872326865467574	-0.7396387574794812	
1.6833667334669338	0.019812756278977474	-0.6878346421403226	0.25794570011699747	-0.7098767652155946	0.2354734363938103	-0.7730321442102133	
1.7535070140280562	-0.05328158781241977	-0.7004889777620318	0.2070523620038569	-0.7301070335785645	0.18008038232727572	-0.8015678078738778	
1.8236472945891784	-0.12732624575243112	-0.7057749934522499	0.15480548534816493	-0.7449640558028235	0.12293207615319854	-0.8245230115537207	
1.8937875751503006	-0.2015078067099021	-0.7029784905246548	0.10156500414202727	-0.7540821812760885	0.0644689380578141	-0.8412261224293613	
1.9639278557114228	-0.2749417790644415	-0.6914659268672746	0.047708466105658945	-0.7571933664422548	0.0051788151789072395	-0.8510824909772075	
2.0340681362725452	-0.3466821804264148	-0.6707054714405192	-0.006376096308390309	-0.7541382745069404	-0.05441004716205726	-0.8536032019783202	
2.1042084168336674	-0.41573335545671153	-0.6402882194971202	-0.06029766614828637	-0.7448751319384438	-0.11373798109290134	-0.8484364287539226	
2.1743486973947896	-0.4810640121626498	-0.5999490597774092	-0.11366982694261456	-0.7294860207744179	-0.17222455205292064	-0.8354011026147311	
2.244488977955912	-0.5416234107583366	-0.5495866278866604	-0.16611809646625444	-0.7081804165267959	-0.22928034108477924	-0.8145227100977895	
2.314629258517034	-0.5963595770040484	-0.48928173137035125	-0.21728662365234003	-0.6812959452423383	-0.2843189122839814	-0.7860713342962189	
2.3847695390781563	-0.6442393452008586	-0.4193135943826759	-0.266843810742331	-0.6492965284386825	-0.33676750404231304	-0.7506026832674082	
2.4549098196392785	-0.6842699660238108	-0.3401732460554996	-0.3144863634036546	-0.6127683094566058	-0.386074277455589	-0.7090039716274166	
2.5250501002004007	-0.715521942728664	-0.2525733694412139	-0.35994119764342714	-0.5724140083092181	-0.4317089755368978	-0.662548396591583	
2.595190380761523	-0.7371526878428364	-0.15745393980525374	-0.40296453243077834	-0.529046635583477	-0.4731524381353165	-0.6129649634206302	
2.6653306613226455	-0.7484305233892502	-0.05598301441209681	-0.44333735397079976	-0.483583814574972	-0.5098683108778256	-0.5625351702534452	
2.7354709418837677	-0.7487584833575204	0.05044790725979707	-0.4808562267572793	-0.43704432630573253	-0.5412470145100918	-0.5142355281015908	
2.80561122244489	-0.7376973200765019	0.1602344522632704	-0.515318112108961	-0.3905489258767308	-0.5665067908705761	-0.47195667122357804	
2.875751503006012	-0.7149870690236113	0.2715762638824692	-0.5464973853540637	-0.34532801654453216	-0.5845279971423258	-0.4408486185433239	
2.9458917835671343	-0.6805664921471529	0.38250047108145946	-0.5741125437080009	-0.302739466367421	-0.5935822998928894	-0.4278722565157851	
3.0160320641282565	-0.6345897006603127	0.49089183826645	-0.5977790598523574	-0.26430079710878773	-0.5908936399011128	-0.44268752916777754	
3.0861723446893787	-0.5774392570399144	0.5945295144128432	-0.616943302387444	-0.2317412946182769	-0.5719249581137973	-0.4990937335146805	
3.156312625250501	-0.5097350749419601	0.6911300985996021	-0.6307901787053852	-0.20708147406893906	-0.5292094804399181	-0.6173830682191694	
3.226452905811623	-0.4323384768908586	0.778396520379802	-0.6381138079214986	-0.19275006267538072	-0.4504116915017849	-0.8282234352419211	
3.2965931863727453	-0.3463508344032932	0.8540720032082911	-0.637135574303842	-0.19175265186496543	-0.31506201779110626	-1.1791403016884838	
3.3667334669338675	-0.2531063045786964	0.9159981434567755	-0.6252465466547178	-0.20791203754510879	-0.08896743471498272	-1.7454903184208066	
3.43687374749499	-0.15415829133573916	0.9621759035217936	-0.5986402575972006	-0.2462089353296792	0.28552312715858147	-2.649339303443393	
3.5070140280561124	-0.05125939780570486	0.990828093243103	-0.5517853454247069	-0.31326462193960986	0.906781895698477	-4.092518342983378	
3.5771543086172346	0.053665202573912704	1.000461708126416	-0.47666267068403645	-0.41802623568526903	1.945098208217237	-6.415624980187707	
3.647294589178357	0.15855086743093005	0.9899283150678656	-0.3616537113115661	-0.572744220392327	3.7001717371962695	-10.20550239135685	
3.717434869739479	0.2612327523537806	0.958480536031942	-0.18990922250281006	-0.7943747449568687	6.709275427587287	-16.495287884582527	
3.787575150300601	0.35949072590304076	0.9058225869996724	0.06306188727450535	-1.1066057045607873	11.955190525717278	-27.14527355076242	
3.8577154308617234	0.4510991979479356	0.8321527926055025	0.43298160629544913	-1.5428054002757676	21.275129421183934	-45.585392229201325	
3.9278557114228456	0.5338809085972166	0.7381960245047336	0.9721837018035899	-2.150347645481828	38.18434840883255	-78.29904702347199	
3.997995991983968	0.6057635136691345	0.625224110670758	1.7577400039185347	-2.9970068620317583	69.57712163745899	-137.8664645871505	
4.0681362725450905	0.6648376057568648	0.4950624388082182	2.9038244929745733	-4.180491527826609	129.33343072435815	-249.37843658194873	
4.138276553106213	0.7094146357630149	0.3500812330254671	4.5806691131109085	-5.842774830931452	246.18068391945263	-464.34221975373976	
4.208416833667335	0.7380830567677167	0.19317031940929827	7.043853775926441	-8.191819396519765	481.3338698296926	-891.7394971912017	
4.278557114228457	0.7497609086360277	0.027696610822090493	10.679929368473623	-11.534795584952406	969.2954721041597	-1769.5764728146264	
4.348697394789579	0.7437430058217207	-0.1425559715062277	16.078069884024572	-16.329320711373512	2015.2651457610223	-3635.141962161815	
4.4188376753507015	0.7197408895765197	-0.31346387124200825	24.14356021626988	-23.263203749259944	4335.555609504179	-7744.073099872164	
4.488977955911824	0.6779137652783702	-0.4806576950125946	36.27911305711976	-33.379687769872504	9671.911014206653	-17138.843407405577	
4.559118236472946	0.6188887703905752	-0.6396309286901152	54.67714299639368	-48.27598198596763	22419.165175078404	-39475.11839929065	
4.629258517034068	0.5437691113247873	-0.7858614133971981	82.7952096277289	-70.42096400584975	54104.04360637424	-94790.12889423262	
4.69939879759519	0.45412886866913527	-0.9149427778431186	126.1366660304545	-103.66851743361931	136205.47744636345	-237724.33080080806	
4.7695390781563125	0.3519935978303144	-1.0227224105905026	193.54471493775168	-154.09518129020512	358393.26871524705	-623786.3032755537	
4.839679358717435	0.23980624138171494	-1.1054420013560815	299.3685294145319	-231.38079420748105	987576.4214573244	-1715695.5984636322	
4.909819639278557	0.12037831270837884	-1.1598762119883772	467.12539145172474	-351.10752954184164	2855455.1423997153	-4955512.652777079	
4.979959919839679	-0.0031732026058059193	-1.1834646827480326	735.7552939932589	-538.6283546092495	8680159.646151043	-15058963.948031772	
5.050100200400801	-0.12750226411995413	-1.1744323640888128	1170.4145592752657	-835.6457798298926	27796481.488181926	-48237788.812540054	
5.1202404809619235	-0.24912201772395715	-1.131893111942231	1881.3004565077538	-1311.5214217238765	93957931.79459818	-163195194.89397636	
5.190380761523046	-0.3645028384202825	-1.0559316153909675	3056.838039010312	-2082.9335726545173	335924373.0025383	-584267599.9631635	
5.260521042084169	-0.47017764915251303	-0.9476590543226485	5022.8328544028755	-3348.429712008896	1272943907.9407716	-2218058182.594651	
5.330661322645291	-0.5628515322272606	-0.8092384195897717	8349.091431822577	-5449.856355434174	5123245755.014983	-8947030239.380934	
5.400801603206413	-0.6395122591758511	-0.6438761702965795	14043.80135263654	-8982.846653515371	21946829624.14022	-38426795740.82477	
5.470941883767535	-0.6975380628868547	-0.4557778446095655	23912.036392126043	-14997.89907434897	100282758842.15662	-176100196212.65112	
5.541082164328658	-0.7347987827283973	-0.25006636536140203	41224.80695342064	-25370.734814750947	489847702476.0086	-862966556115.6462	
5.61122244488978	-0.7497464471467715	-0.032663063629618544	71982.71676185406	-43492.796074045735	2563565241414.166	-4532020016293.428	
5.681362725450902	-0.7414914336100454	0.18986715310905278	127331.9400505407	-75574.6369104196	14406566897045.11	-25563842157949.28	
5.751503006012024	-0.7098605732775303	0.41050358129132175	228240.8890311881	-133137.3099816186	87138545947088.12	-155234155453761.16	
5.8216432865731464	-0.6554339528054742	0.6219860385170757	414667.6165312241	-237835.68396987318	568606098020477.1	-1017146589318560.2	
5.891783567134269	-0.5795577077161328	0.8170538369163276	763761.3614190273	-430918.0372414604	4012351568727636.0	-7208439006070773.0	
5.961923847695391	-0.48433079369389065	0.9887001622353212	1426473.2571349628	-792023.7571937586	3.069198644198876e+16	-5.538661882115387e+16	
6.032064128256513	-0.37256455002166516	1.1304334054381064	2702172.2476848518	-1477038.5837124544	2.551288222431789e+17	-4.625272565232042e+17	
6.102204408817635	-0.247714812049666	1.2365360245819275	5192766.734470038	-2795366.2203621618	2.310417205507413e+18	-4.2084298852505723e+18	
6.1723446893787575	-0.1137873590987734	1.3023108433650623	10125397.758092567	-5369836.200897278	2.285196812387467e+19	-4.1826667287371964e+19	
6.24248496993988	0.02478143387595798	1.324304376656193	20037445.803410202	-10472255.159067512	2.4750465779015582e+20	-4.552560787045608e+20	
6.312625250501002	0.1632657781995544	1.3004968604441403	40251095.08796349	-20737525.35726279	2.9431503392846853e+21	-5.440833591154523e+21	
6.382765531062124	0.2968094619503229	1.230449189041874	82092777.51018915	-41705299.468439415	3.852762292751751e+22	-7.158784347982742e+22	
6.452905811623246	0.42059764086394014	1.1153979451483118	170023849.94316438	-85196679.5461704	5.567277838774115e+23	-1.0398086217756034e+24	
6.5230460921843685	0.5300355660003152	0.9582911490588117	357665582.20150256	-176819529.7648246	8.904790054117318e+24	-1.6718731415702444e+25	
6.593186372745491	0.6209277038442429	0.7637592318514078	764347336.6308804	-372900124.6529544	1.581003779946215e+26	-2.9840350464815295e+26	
6.663326653306613	0.6896502427824259	0.5380180117869957	1659716009.9242587	-799259446.042798	3.124698861406426e+27	-5.929112497049972e+27	
6.733466933867735	0.7333097755676645	0.2887030591870453	3662592962.0883446	-1741381224.3874903	6.894558917224218e+28	-1.315269629875557e+29	
6.803607214428858	0.7498810310002707	0.024637686798748015	8215560177.575941	-3857343776.3897653	1.7033521207342347e+30	-3.26703037876872e+30	
6.87374749498998	0.7383169200800455	-0.24446020561620835	18735297912.51227	-8688574958.214619	4.726049576956158e+31	-9.113782996517722e+31	
6.943887775551103	0.6986248707174056	-0.5083241946593071	43444986423.74464	-19904512492.271194	1.477080189546895e+33	-2.8639483991248714e+33	
7.014028056112225	0.6319044455326187	-0.7565271758118677	102460072126.69186	-46384638774.41664	5.216243429936468e+34	-1.0169197340881746e+35	
7.084168336673347	0.5403425494165728	-0.9788972262701247	245802023935.7107	-109974783128.64084	2.087928790341431e+36	-4.092770192873999e+36	
7.154308617234469	0.4271641023009361	-1.1659455046820066	599945170622.5565	-265329072568.52014	9.502849082208178e+37	-1.8729742107464173e+38	
7.224448897795591	0.29653782795239897	-1.3092885240454624	1490088777926.856	-651516898886.2068	4.9336559916308365e+39	-9.777436102396628e+39	
7.294589178356714	0.1534387275274401	-1.40204612397897	3766743590865.766	-1628515298643.4878	2.93141809226162e+41	-5.8413398389870546e+41	
7.364729458917836	0.003470790814134053	-1.4391962344041649	9692858642388.285	-4144378166819.495	1.9999449904677843e+43	-4.0071025647036634e+43	
7.434869739478958	-0.14734453745654713	-1.4178681423013466	25394982979809.504	-10739998913474.08	1.5719831610573294e+45	-3.166911291607308e+45	
7.50501002004008	-0.2928067665730247	-1.3375574901759344	67753585411091.13	-28346684477560.793	1.4283880441308821e+47	-2.8933875534932044e+47	
7.575150300601202	-0.42679262930149586	-1.2002486528243277	184112305385157.06	-76213029595275.7	1.5056110515375654e+49	-3.066488689948773e+49	
7.645290581162325	-0.543519852159442	-1.01043341745483	509656066618130.06	-208766482109347.5	1.8474318321143364e+51	-3.783206208242614e+51	
7.715430861723447	-0.6378071085166316	-0.7750189444020907	1437450563832993.2	-582736875192804.1	2.6482254013017926e+53	-5.452598908242945e+53	
7.785571142284569	-0.7053183396209844	-0.5031226783397516	4131495617694952.0	-1657829749655640.5	4.450772675575941e+55	-9.213703892882896e+55	
7.855711422845691	-0.7427796515501953	-0.205757035719168	1.210312456184161e+16	-4807712760982955.0	8.802259401245384e+57	-1.832043330509289e+58	
7.925851703406813	-0.748157576465807	0.10458790337006087	3.6144362001326216e+16	-1.4214894809142228e+16	2.0560654663467717e+60	-4.302423105240877e+60	
7.995991983967936	-0.7207886375250694	0.41445006982702726	1.1005591081198698e+17	-4.2857880194792024e+16	5.693652876783899e+62	-1.1978240659056417e+63	
8.066132264529058	-0.6614518641600696	0.7099706882244713	3.4173755182844134e+17	-1.3178771200925629e+17	1.876312435302345e+65	-3.968476450845147e+65	
8.136272545090181	-0.5723781249084212	0.9775158309881855	1.0823188423280177e+18	-4.133820344523638e+17	7.386692329964955e+67	-1.5706358569835985e+68	
8.206412825651302	-0.45719280599039325	1.2043171560479968	3.4968538035901256e+18	-1.3229271814910047e+18	3.4875296892148325e+70	-7.454869769530584e+70	
8.276553106212425	-0.3207913646808723	1.3791020714496411	1.152752131552842e+19	-4.3201927027863337e+18	1.982545403126292e+73	-4.260213285613258e+73	
8.346693386773547	-0.1691505012483358	1.4926822065856775	3.877992500560304e+19	-1.4398865637475461e+19	1.3623916679310318e+76	-2.942966198126781e+76	
8.41683366733467	-0.009080975016522552	1.5384691825320223	1.3315787505955301e+20	-4.898764170449735e+19	1.1363518220663513e+79	-2.467515673094418e+79	
8.486973947895791	0.15206872273228939	1.5128883719747912	4.6675805053732474e+20	-1.7015823211099767e+20	1.1551442898157515e+82	-2.5213641958707816e+82	
8.557114228456914	0.30674570298465637	1.415664655748666	1.6705442588589142e+21	-6.035352416405739e+20	1.4370607940134395e+85	-3.1529340871424547e+85	
8.627254509018035	0.44754839327044094	1.24995906770934	6.105783947839299e+21	-2.18630414546614e+21	2.197125273638086e+88	-4.84532497564626e+88	
8.697394789579159	0.5675881045653446	1.022341533664556	2.2793875103916646e+22	-8.090061273532585e+21	4.14594041355508e+91	-9.189824484471655e+91	
8.76753507014028	0.6608387529570223	0.7425924257988804	8.692888897481476e+22	-3.0584495996752225e+22	9.697286411297653e+94	-2.1604190802839033e+95	
8.837675350701403	0.7224567083985884	0.42333405987808825	3.3873121535490166e+23	-1.1815010383832846e+23	2.8237703705265737e+98	-6.322781471230047e+98	
8.907815631262524	0.7490533276539433	0.07950217292825235	1.3488612557150345e+24	-4.66471496021454e+23	1.0281970495739588e+102	-2.313840502429958e+102	
8.977955911823647	0.7389042580521967	-0.272323610424137	5.490047508523734e+24	-1.882561987787944e+24	4.702511417691671e+105	-1.0635363432222301e+106	
9.04809619238477	0.6920820540442945	-0.6147027676498552	2.2843225981516086e+25	-7.767505392184306e+24	2.7136358297501156e+109	-6.167746200364291e+109	
9.118236472945892	0.6105019590464554	-0.9301951434574496	9.71822583466747e+25	-3.277154122058857e+25	1.9848431900372702e+113	-4.53357228354349e+113	
9.188376753507015	0.49787474786179164	-1.2022590926465226	4.228052995338698e+26	-1.4140673794967164e+26	1.8486795998526316e+117	-4.243285951063489e+117	
9.258517034068136	0.3595651280241472	-1.4161407393415137	1.881452987230457e+27	-6.241316048812708e+26	2.2028708121548395e+121	-5.08092552790863e+121	
9.32865731462926	0.20235914621321016	-1.559706456510208	8.564882855955287e+27	-2.818317840633729e+27	3.374137653995725e+125	-7.820176433840377e+125	
9.39879759519038	0.03414908837637469	-1.6241710413721906	3.989331747353033e+28	-1.302226022553183e+28	6.675146970017085e+129	-1.5545379160735762e+130	
9.468937875751504	-0.13645077369619085	-1.604677096086808	1.901538305579743e+29	-6.1580079895091085e+28	1.7138962587418865e+134	-4.0104999255011525e+134	
9.539078156312625	-0.30053983300007003	-1.500686833332542	9.277088605654958e+29	-2.9807563060363492e+29	5.739299543454874e+138	-1.3493764521980576e+139	
9.609218436873748	-0.449396771359517	-1.3161557736116363	4.633354238427571e+30	-1.4771340176785088e+30	2.5190257679527914e+143	-5.950505518667106e+143	
9.67935871743487	-0.5749510544424541	-1.0594682876960417	2.3693647746673304e+31	-7.495409891570554e+30	1.4563915944562348e+148	-3.456473335471996e+148	
9.749498997995993	-0.6702347186181201	-0.7431272124864468	1.2407846019244755e+32	-3.8951822575544347e+31	1.114787022038769e+153	-2.6580769324309496e+153	
9.819639278557114	-0.7297887540385657	-0.3832032416291624	6.655248992889276e+32	-2.0734421909751564e+32	1.1355183161220683e+158	-2.720052031037317e+158	
9.889779559118237	-0.7499997218961365	0.0014362412929538868	3.6568828281629076e+33	-1.1307397812049718e+33	1.547138682522568e+163	-3.7231163202642015e+163	
9.959919839679358	-0.7293450385343772	0.39008554555274144	2.0587895879683623e+34	-6.31851236576006e+33	2.8344298037042916e+168	-6.852109096101471e+168	
10.030060120240481	-0.6685295408372057	0.7613003762845361	1.187797483264109e+35	-3.618455769679106e+34	7.019339542612613e+173	-1.7046019320010526e+174	
10.100200400801603	-0.5705013549411729	1.0940823463400684	7.02388961122732e+35	-2.12404046761351e+35	2.362315581147496e+179	-5.762617802719812e+179	
10.170340681362726	-0.44034147903472187	1.3690838703797323	4.257876844887981e+36	-1.2782276901579181e+36	1.0862558539176342e+185	-2.6616827029023592e+185	
10.240480961923847	-0.28502854122859084	1.5697644519704896	2.646451511109557e+37	-7.887409631220736e+36	6.861906794003545e+190	-1.6888782979702177e+191	
10.31062124248497	-0.11308752489239439	1.6834286585310887	1.6868073467503468e+38	-4.991328271750826e+37	5.987788566092311e+196	-1.4802551843237895e+197	
10.380761523046091	0.06586155558726106	1.70207950247126	1.1027396216022354e+39	-3.239874988143646e+38	7.257920378216311e+202	-1.8021303684958842e+203	
10.450901803607215	0.2416324366849896	1.6230285674507887	7.395399984353001e+39	-2.1574740116567307e+39	1.2289152355454495e+209	-3.0646942865346977e+209	
10.521042084168338	0.4040506593027189	1.4492158372203054	5.088699182465688e+40	-1.474154186892442e+40	2.9232122812890875e+215	-7.321570370000913e+215	
10.591182364729459	0.5435485276288459	1.1892073381925683	3.593217658587427e+41	-1.0337013427562024e+41	9.824650280153813e+221	-2.4713095933369458e+222	
10.661322645290582	0.6517421763637787	0.8568566787125433	2.6041566902954927e+42	-7.440067882466474e+41	4.6925270214868456e+228	-1.1854155016136716e+229	
10.731462925851703	0.7219555174085411	0.4706364134315595	1.9374599316739305e+43	-5.497473907712689e+42	3.2038272954836827e+235	-8.127825381465949e+235	
10.801603206412826	0.7496575428344323	0.05266575190682567	1.4799790219354101e+44	-4.17088993661423e+43	3.145349459936857e+242	-8.013152162358778e+242	
10.871743486973948	0.7327833176646248	-0.37251878641132036	1.160942664391965e+45	-3.2497381515665674e+44	4.4667979570942464e+249	-1.1427411658099819e+250	
10.94188376753507	0.6719148817323676	-0.7793848987237553	9.353486567742506e+45	-2.600739818041087e+45	9.23138249211081e+256	-2.3715011499400498e+257	
11.012024048096192	0.5703059360927569	-1.1429381547004884	7.741390519203527e+46	-2.1382040852977165e+46	2.7933223876268108e+264	-7.205609634882013e+264	
11.082164328657315	0.43374322857411096	-1.440276800840604	6.582975853307584e+47	-1.8062585872561981e+47	1.2451612569130844e+272	-3.2251987352041696e+272	
11.152304609218437	0.2702474750029847	-1.6520710182510454	5.752525045093697e+48	-1.568064879370857e+48	8.227583062106629e+279	-2.1397971474505685e+280	
11.22244488977956	0.08962687008597732	-1.7638701230277507	5.16657657081377e+49	-1.3991886564903713e+49	8.109212255501533e+287	-2.1175651159880163e+288	
11.292585170340681	-0.09709388692796422	-1.7671476227296652	4.770132429582592e+50	-1.2834870159725875e+50	1.199742640834679e+296	-3.1455196634075602e+296	
11.362725450901804	-0.278337259337214	-1.660006657357585	4.528103309453072e+51	-1.2105547936627322e+51	2.681449947380335e+304	-7.05844008445004e+304	
11.432865731462925	-0.4426902073703184	-1.4474866942610003	4.420136138132443e+52	-1.1741673620709204e+52	nan	nan	
11.503006012024048	-0.5796311255768938	-1.1414355358896642	4.437756712824784e+53	-1.1713938767114778e+53	nan	nan	
11.57314629258517	-0.680219921240917	-0.7599374771665963	4.583264797794561e+54	-1.2022038109921355e+54	nan	nan	
11.643286573146293	-0.7377053119950311	-0.3263172321431276	4.870181079603381e+55	-1.2694928823005e+55	nan	nan	
11.713426853707414	-0.7480070156617689	0.13223178291450596	5.325360930385839e+56	-1.3795399226622956e+56	nan	nan	
11.783567134268537	-0.7100370723964594	0.5863190191540077	5.993242328632326e+57	-1.5429964376561374e+57	nan	nan	
11.853707414829659	-0.6258337897276596	1.0062289368769535	6.943181978272407e+58	-1.7766301841442697e+58	nan	nan	
11.923847695390782	-0.5004932470140226	1.3638764792960707	8.281599807397175e+59	-2.1062282214803374e+59	nan	nan	
11.993987975951905	-0.3418962710316136	1.6347177552436565	1.0171944273648032e+61	-2.5713720197326688e+60	nan	nan	
12.064128256513026	-0.1602424899008304	1.7994851505597569	1.2867755412375117e+62	-3.2333320878163424e+61	nan	nan	
12.13426853707415	0.03258341580173761	1.8456223007696213	1.6768173697692345e+63	-4.188287068210745e+62	nan	nan	
12.20440881763527	0.22377575987676318	1.7683095005017744	2.25127172535074e+64	-5.589823801411728e+63	nan	nan	
12.274549098196394	0.4004543452347547	1.570993630139962	3.1146144638354857e+65	-7.68794318140275e+64	nan	nan	
12.344689378757515	0.5505380744024627	1.2653673511860424	4.441093718156715e+66	-1.0898014981540294e+66	nan	nan	
12.414829659318638	0.6635863897843588	0.8707783787334412	6.527695315193892e+67	-1.5925190891208275e+67	nan	nan	
12.48496993987976	0.7315492828316993	0.4130888091201912	9.89211455056099e+68	-2.39936724562643e+68	nan	nan	
12.555110220440882	0.74937080694568	-0.0769558699983107	1.5457980262245187e+70	-3.727850274235522e+69	nan	nan	
12.625250501002004	0.7153992978468826	-0.5657511555208105	2.4912983032835457e+71	-5.973717436739887e+70	nan	nan	
12.695390781563127	0.631569451284764	-1.019122219789757	4.141742622970511e+72	-9.874842929471652e+71	nan	nan	
12.765531062124248	0.5033363479315055	-1.4047234795249077	7.103949899061727e+73	-1.6841852040739267e+73	nan	nan	
12.835671342685371	0.3393585115721458	-1.694381202182787	1.2573352545033725e+75	-2.964138257785529e+74	nan	nan	
12.905811623246493	0.1509450018835422	-1.8662084484867891	2.2967394324352564e+76	-5.384319860103414e+75	nan	nan	
12.975951903807616	-0.048700887425876	-1.9063311476407758	4.3306870288657334e+77	-1.009629103210042e+77	nan	nan	
13.046092184368737	-0.24539283567556824	-1.8100858987290416	8.430654953625224e+78	-1.95463789542863e+78	nan	nan	
13.11623246492986	-0.4249661005653809	-1.5825832040381722	1.6947290619627965e+80	-3.907680455431364e+79	nan	nan	
13.186372745490981	-0.5743049973054237	-1.2385723758105383	3.5184281377910914e+81	-8.068538537173953e+80	nan	nan	
13.256513026052104	-0.6823185646783331	-0.8015936057697985	7.545387313482768e+82	-1.720951581270396e+82	nan	nan	
13.326653306613226	-0.7407909577566358	-0.3024552724099081	1.671759614785238e+84	-3.792409261298665e+83	nan	nan	
13.396793587174349	-0.7450398755665277	0.22287333365485068	3.827370939872033e+85	-8.635934755135555e+84	nan	nan	
13.46693386773547	-0.6943283821679702	0.7358160552651365	9.056006078193286e+86	-2.0324784495042758e+86	nan	nan	
13.537074148296593	-0.5919921345597909	1.1980135891814339	2.2149160487403733e+88	-4.944698610296746e+87	nan	nan	
13.607214428857716	-0.44526422643753427	1.57421228485962	5.600634567216325e+89	-1.2437291647951916e+89	nan	nan	
13.677354709418838	-0.2648022030696924	1.8350004201665553	1.4643725891747062e+91	-3.234884405676638e+90	nan	nan	
13.74749498997996	-0.06394467385908989	1.959177570636732	3.959818836663883e+92	-8.701888388314428e+91	nan	nan	
13.817635270541082	0.14225340107954987	1.9355626773855044	1.107601149367512e+94	-2.4213907871248366e+93	nan	nan	
13.887775551102205	0.3381389825963109	1.76408243311115	3.2051681114330603e+95	-6.97088211791598e+94	nan	nan	
13.957915831663327	0.5086508709681656	1.4560315917019575	9.597376734982205e+96	-2.0766194127109328e+96	nan	nan	
14.02805611222445	0.6404910712903925	1.0334574891812833	2.9741547678448124e+98	-6.402465422986787e+97	nan	nan	
14.098196392785571	0.7231858796858214	0.5276881369909276	9.540230196881233e+99	-2.0433067937645633e+99	nan	nan	
14.168336673346694	0.7499506120309878	-0.02290833363523185	3.168205812039541e+101	-6.751352227701847e+100	nan	nan	
14.238476953907815	0.7182845765364453	-0.5757807566905072	1.0894370354253622e+103	-2.3099025038639053e+102	nan	nan	
14.308617234468938	0.6302418889011049	-1.0874615386868771	3.879717217711324e+104	-8.18496969099154e+103	nan	nan	
14.37875751503006	0.4923477859544698	-1.5169952349421854	1.4311401593111317e+106	-3.004248768270929e+105	nan	nan	
14.448897795591183	0.3151574831332771	-1.8292593076921917	5.46919482434623e+107	-1.1424177621649004e+107	nan	nan	
14.519038076152304	0.11248326269878753	-1.997906030730372	2.1657020974434153e+109	-4.501519026665074e+108	nan	nan	
14.589178356713427	-0.0996569064706208	-2.007675324259921	8.887571446517624e+110	-1.8382863903226132e+110	nan	nan	
14.659318637274549	-0.3042916317055653	-1.8558704994272448	3.7805198615248483e+112	-7.781477094398516e+111	nan	nan	
14.729458917835672	-0.48485283321159867	-1.5528499613407676	1.6671663634207495e+114	-3.414920176547926e+113	nan	nan	
14.799599198396793	-0.6265289632439587	-1.1214636554027366	7.623252684767551e+115	-1.5539733416283522e+115	nan	nan	
14.869739478957916	-0.7175036313089473	-0.5954477944923533	3.615019257249606e+117	-7.333746941909204e+116	nan	nan	
14.939879759519037	-0.7499745747254307	-0.01687847978338589	1.778135288318954e+119	-3.590066380731028e+118	nan	nan	
15.01002004008016	-0.7208628970570231	0.5671330004444233	9.073562479955148e+120	-1.8232578648056923e+120	nan	nan	
15.080160320641284	-0.6321455511687702	1.1082503117942828	4.804239781964769e+122	-9.60810248261446e+121	nan	nan	
15.150300601202405	-0.4907735483724621	1.560923244056221	2.6398562805718175e+124	-5.254675833688697e+123	nan	nan	
15.220440881763528	-0.30817208811521374	1.8862677671978554	1.5056347103754258e+126	-2.9829629594103573e+125	nan	nan	
15.29058116232465	-0.09935402207928871	2.0554823262657242	8.914923835198055e+127	-1.7579976075972411e+127	nan	nan	
15.360721442885772	0.118288158671776	2.052495704995219	5.480867426954914e+129	-1.0758012532048894e+129	nan	nan	
15.430861723446894	0.32641725161982665	1.8755970831291773	3.4993675105637503e+131	-6.8369754293392e+130	nan	nan	
15.501002004008017	0.5072963579905317	1.537877927869593	2.320669886905641e+133	-4.513246566874377e+132	nan	nan	
15.571142284569138	0.6453142051003833	1.0664122472512534	1.598805696250228e+135	-3.0951523550805306e+134	nan	nan	
15.641282565130261	0.7283588461886448	0.5002087922275567	1.1444885964475608e+137	-2.2055545041788445e+136	nan	nan	
15.711422845691382	0.7489170678644694	-0.11292294185889024	8.5140396654052e+138	-1.6333197479983996e+138	nan	nan	
15.781563126252506	0.7047971325612175	-0.7203510960840132	6.583293811932671e+140	-1.2572369910270605e+140	nan	nan	
15.851703406813627	0.5994024543345218	-1.2691199352013465	5.291869538636572e+142	-1.0060752652059772e+142	nan	nan	
15.92184368737475	0.4415211699039913	-1.710587303223025	4.422911948717845e+144	-8.37116769747696e+143	nan	nan	
15.991983967935871	0.24463828566075807	-2.004794811395804	3.844285938983948e+146	-7.243671177267193e+145	nan	nan	
16.062124248496993	0.025819599330172846	-2.124174786498272	3.47541161653497e+148	-6.519636683524471e+147	nan	nan	
16.132264529058116	-0.1957438660490604	-2.056244199650357	3.2685485444038193e+150	-6.104567652820836e+149	nan	nan	
16.20240480961924	-0.4004092863037194	-1.8050152470021785	3.198428936911126e+152	-5.947413643368631e+151	nan	nan	
16.272545090180362	-0.5698286634118579	-1.390959138438711	3.2570655340937824e+154	-6.0300090584422934e+153	nan	nan	
16.34268537074148	-0.6886132972187242	-0.8494853639610939	3.4522263330922526e+156	-6.363546761715477e+155	nan	nan	
16.412825651302605	-0.7457637927809437	-0.22803251982490005	3.8091664122011995e+158	-6.991121351835071e+157	nan	nan	
16.482965931863728	-0.7357303269064328	0.4180032791855274	4.376163105321886e+160	-7.997157289242411e+159	nan	nan	
16.55310621242485	-0.658997862795389	1.0301624514501184	5.23558084999824e+162	-9.52665642347317e+161	nan	nan	
16.623246492985974	-0.5221316114115979	1.5522118242108154	6.524075879523584e+164	-1.1820512522557148e+164	nan	nan	
16.693386773547093	-0.3372659220344212	1.935353411813127	8.468974899913152e+166	-1.5279105316472128e+166	nan	nan	
16.763527054108216	-0.12107075705751963	2.142867475959472	1.1454479069555616e+169	-2.0577860894263806e+168	nan	nan	
16.83366733466934	0.1067206761777696	2.153742573118304	1.6144605632634796e+171	-2.8881389877734165e+170	nan	nan	
16.903807615230463	0.3250963855409423	1.9649259417917633	2.3717127295318147e+173	-4.224996809902922e+172	nan	nan	
16.973947895791582	0.5137027406032769	1.591945664490555	3.6320700732974734e+175	-6.443175940426695e+174	nan	nan	
17.044088176352705	0.6547562270967412	1.0678018445090853	5.7993428955544655e+177	-1.0245042880192434e+177	nan	nan	
17.11422845691383	0.7347493069874231	0.4401847776843494	9.656299691064858e+179	-1.698801482504949e+179	nan	nan	
17.18436873747495	0.7457845122195808	-0.23276100684291087	1.6769688931808526e+182	-2.9380651373904066e+181	nan	nan	
17.25450901803607	0.6864017883852108	-0.887762355589961	3.038061377490702e+184	-5.300844003338188e+183	nan	nan	
17.324649298597194	0.5618088588827785	-1.4623525801619046	5.742490554597481e+186	-9.978570283112743e+185	nan	nan	
17.394789579158317	0.38347917641117396	-1.9008624507421557	1.1326903154162097e+189	-1.9602261974862545e+188	nan	nan	
17.46492985971944	0.16814192039845177	-2.159891165585543	2.3318691629142035e+191	-4.019143458761459e+190	nan	nan	
17.53507014028056	-0.06375214806563909	-2.2127142303468066	5.0113439081592844e+193	-8.602509430834112e+192	nan	nan	
17.605210420841683	-0.2899521474367259	-2.052172172186765	1.1244398128397605e+196	-1.9224542660649994e+195	nan	nan	
17.675350701402806	-0.48853775132541105	-1.6917186699005278	2.6346634129349666e+198	-4.4864307392936393e+197	nan	nan	
17.74549098196393	-0.6400558937744382	-1.164477550608312	6.447567951246675e+200	-1.0935405458339545e+200	nan	nan	
17.81563126252505	-0.7294544522792754	-0.5203496552814287	1.6482516429408122e+203	-2.7844066782631803e+202	nan	nan	
17.88577154308617	-0.7476184382584439	0.1785954348086974	4.402332587612579e+205	-7.407457683153513e+204	nan	nan	
17.955911823647295	-0.6923484995755288	0.8640306429277054	1.2287085069739196e+208	-2.059298533467785e+207	nan	nan	
18.026052104208418	-0.5686727564136271	1.4680314510316956	3.584235230192402e+210	-5.9835364790519375e+209	nan	nan	
18.09619238476954	-0.38844659661095327	1.9298393745342506	1.0929510385070646e+213	-1.817439494526532e+212	nan	nan	
18.16633266533066	-0.16926507850771338	2.2020541069687347	3.484467460735974e+215	-5.771653485642854e+214	nan	nan	
18.236472945891784	0.0672178134378879	2.255617362483538	1.1616587351227799e+218	-1.9166980080032844e+217	nan	nan	
18.306613226452907	0.29740669545375237	2.0830550169554414	4.050438980908786e+220	-6.657254699938064e+219	nan	nan	
18.37675350701403	0.4981146398734596	1.6996053876660893	1.4773450692472714e+223	-2.418797879718969e+222	nan	nan	
18.44689378757515	0.6489122083083919	1.142066021156182	5.6375844483651434e+225	-9.194789609493558e+224	nan	nan	
18.517034068136272	0.7342367769469473	0.46541976194344725	2.2511807844329623e+228	-3.6576042287994015e+227	nan	nan	
18.587174348697395	0.745041834425582	-0.26246951815517283	9.408249441734418e+230	-1.522787171444097e+230	nan	nan	
18.65731462925852	0.6798076777662587	-0.9675940467554437	4.115886117194066e+233	-6.636577643328384e+232	nan	nan	
18.727454909819638	0.5447962913778321	-1.577312366661574	1.8851629261922738e+236	-3.028213625546434e+235	nan	nan	
18.79759519038076	0.35350843479615407	-2.0278739366731995	9.041497843582598e+238	-1.4469085612102412e+238	nan	nan	
18.867735470941884	0.12538269812033304	-2.271176447418654	4.5416406231384516e+241	-7.240737439707268e+240	nan	nan	
18.937875751503007	-0.1161438237307321	-2.2800323199764607	2.3896867536731253e+244	-3.7956533133164595e+243	nan	nan	
19.008016032064127	-0.3460239738169912	-2.051356870352634	1.3173462871729812e+247	-2.0846213973893518e+246	nan	nan	
19.07815631262525	-0.5401971492157047	-1.6068929118839095	7.609649080352103e+249	-1.1997193097053038e+249	nan	nan	
19.148296593186373	-0.6781254272647972	-0.9913360255338612	4.60691232530717e+252	-7.236337292553885e+251	nan	nan	
19.218436873747496	-0.7450004748848612	-0.2679964711290603	2.9235521242170904e+255	-4.5752996190716933e+254	nan	nan	
19.288577154308616	-0.733380981284777	0.4876004976204057	1.945101410629704e+258	-3.032890664654406e+257	nan	nan	
19.35871743486974	-0.6440752080080248	1.195543009466057	1.356997683960387e+261	-2.1081685835145942e+260	nan	nan	
19.428857715430862	-0.4861594370900222	1.7799863129542877	9.928790583695464e+263	-1.5368807810811986e+263	nan	nan	
19.498997995991985	-0.276113090797074	2.177339340253529	7.620244709947752e+266	-1.175266005726411e+266	nan	nan	
19.569138276553108	-0.036145814091834386	2.3432960560329894	6.135807767742921e+269	-9.429055976042785e+268	nan	nan	
19.639278557114228	0.20811923897102477	2.257924487934347	5.184176358322138e+272	-7.938001764734563e+271	nan	nan	
19.70941883767535	0.43036812540840425	1.9282160303762206	4.596930322826544e+275	-7.013583943663316e+274	nan	nan	
19.779559118236474	0.6064373932909921	1.3877583533296913	4.2786931555147494e+278	-6.504733860441004e+277	nan	nan	
19.849699398797597	0.7169668697726533	0.6935008327807299	4.181040428030386e+281	-6.333659092491481e+280	nan	nan	
19.919839679358716	0.7495704186211419	-0.08010028802604358	4.290051743553693e+284	-6.475754093070127e+283	nan	nan	
19.98997995991984	0.7002772757982759	-0.8489735500932627	4.622964603935049e+287	-6.953627488870105e+286	nan	nan	
20.060120240480963	0.5740712385407273	-1.528536686421826	5.2327913230422554e+290	-7.843191109113088e+289	nan	nan	
20.130260521042086	0.38445074896220455	-2.0430334261479226	6.222659092885511e+293	-9.294143454422924e+292	nan	nan	
20.200400801603205	0.15203975519710147	-2.334070610039146	7.775409703052807e+296	-1.1572735838714494e+296	nan	nan	
20.27054108216433	-0.0976144449167695	-2.3673856772063377	1.0210574325544547e+300	-1.5144247504094587e+299	nan	nan	
20.34068136272545	-0.3368262954509081	-2.1370474063919227	1.4093913778990274e+303	-2.0831437703500403e+302	nan	nan	
20.410821643286575	-0.5388394146114088	-1.6665604807680348	2.045231792294551e+306	-3.0124897181861364e+305	nan	nan	
20.480961923847694	-0.6808372670136499	-1.0066798411336657	inf	-inf	nan	nan	
20.551102204408817	-0.7465567756860951	-0.23010805348149774	nan	nan	nan	nan	
20.62124248496994	-0.7282019113110816	0.5763927428082778	nan	nan	nan	nan	
20.691382765531063	-0.6274270467143357	1.3216345634075057	nan	nan	nan	nan	
20.761523046092183	-0.45526074737744604	1.920322199099164	nan	nan	nan	nan	
20.831663326653306	-0.230958935796588	2.3028902938064806	nan	nan	nan	nan	
20.90180360721443	0.02010108054710616	2.423718123403166	nan	nan	nan	nan	
20.971943887775552	0.269261408997419	2.266739587932798	nan	nan	nan	nan	
21.042084168336675	0.48784514574607285	1.847742677054115	nan	nan	nan	nan	
21.112224448897795	0.6504690840619912	1.2130194447971516	nan	nan	nan	nan	
21.182364729458918	0.7380239413282357	0.43444433634372065	nan	nan	nan	nan	
21.25250501002004	0.7399689431895867	-0.3985217409242811	nan	nan	nan	nan	
21.322645290581164	0.6556601748438436	-1.1890311905331767	nan	nan	nan	nan	
21.392785571142284	0.4945394520468017	-1.8441019414969952	nan	nan	nan	nan	
21.462925851703407	0.2751408884288017	-2.2856179104536727	nan	nan	nan	nan	
21.53306613226453	0.02301104716935501	-2.45977110340914	nan	nan	nan	nan	
21.603206412825653	-0.23223067973044914	-2.3437917108764137	nan	nan	nan	nan	
21.673346693386772	-0.46035782411245985	-1.9491074564187532	nan	nan	nan	nan	
21.743486973947896	-0.6341252962571264	-1.3204793676307878	nan	nan	nan	nan	
21.81362725450902	-0.7325539286462712	-0.5311326730865131	nan	nan	nan	nan	
21.88376753507014	-0.743511995803764	0.32561617261888864	nan	nan	nan	nan	
21.95390781563126	-0.6652708563976164	1.1473003089699045	nan	nan	nan	nan	
22.024048096192384	-0.50682899064717	1.834541620898944	nan	nan	nan	nan	
22.094188376753507	-0.2869435979474372	2.3031304765124267	nan	nan	nan	nan	
22.16432865731463	-0.03196468770248723	2.494472755979891	nan	nan	nan	nan	
22.23446893787575	0.2272854926294569	2.3830951643454155	nan	nan	nan	nan	
22.304609218436873	0.4592231317282437	1.9802292085935416	nan	nan	nan	nan	
22.374749498997996	0.6353592159199073	1.332953090734733	nan	nan	nan	nan	
22.44488977955912	0.733830142537856	0.5189062851591694	nan	nan	nan	nan	
22.515030060120242	0.7421617215801474	-0.36286038585435193	nan	nan	nan	nan	
22.585170340681362	0.6589116140592071	-1.203843591640841	nan	nan	nan	nan	
22.655310621242485	0.4939672932846305	-1.899425295513741	nan	nan	nan	nan	
22.725450901803608	0.2674395268464421	-2.361953983748967	nan	nan	nan	nan	
22.79559118236473	0.007265588110560883	-2.531927792102959	nan	nan	nan	nan	
22.86573146292585	-0.25419965679051326	-2.3858382524465163	nan	nan	nan	nan	
22.935871743486974	-0.48419389106353444	-1.9396206675141938	nan	nan	nan	nan	
23.006012024048097	-0.653663845700024	-1.247187883673256	nan	nan	nan	nan	
23.07615230460922	-0.7409699895524227	-0.39413524964103785	nan	nan	nan	nan	
23.14629258517034	-0.7347031810611631	0.5126796794181113	nan	nan	nan	nan	
23.216432865731463	-0.6352405644733408	1.3584371514657203	nan	nan	nan	nan	
23.286573146292586	-0.4548214501685175	2.034892805196202	nan	nan	nan	nan	
23.35671342685371	-0.2161089390617671	2.4543146698948437	nan	nan	nan	nan	
23.42685370741483	0.050603338094994094	2.561016996922702	nan	nan	nan	nan	
23.49699398797595	0.31120253683778265	2.338957598652075	nan	nan	nan	nan	
23.567134268537075	0.5321111945669609	1.8143400830285406	nan	nan	nan	nan	
23.637274549098198	0.6846307936452052	1.052786681929242	nan	nan	nan	nan	
23.707414829659317	0.7487106847155994	0.15134412575472767	nan	nan	nan	nan	
23.77755511022044	0.715642701649448	-0.7737348502327757	nan	nan	nan	nan	
23.847695390781563	0.5893124594257249	-1.601917944738132	nan	nan	nan	nan	
23.917835671342687	0.38582024732907066	-2.2241221868698364	nan	nan	nan	nan	
23.98797595190381	0.1314949650805439	-2.5571920303013016	nan	nan	nan	nan	
24.05811623246493	-0.1404633633321825	-2.555193221216404	nan	nan	nan	nan	
24.128256513026052	-0.394291349150079	-2.2159680471243437	nan	nan	nan	nan	
24.198396793587175	-0.5963652712015388	-1.5819926028890365	nan	nan	nan	nan	
24.2685370741483	-0.71968138918059	-0.7353143599906833	nan	nan	nan	nan	
24.338677354709418	-0.7475135746926407	0.21286613835404605	nan	nan	nan	nan	
24.40881763527054	-0.6757469328427065	1.1366762748678414	nan	nan	nan	nan	
24.478957915831664	-0.5135540764605178	1.9122483597735758	nan	nan	nan	nan	
24.549098196392787	-0.2822971513960434	2.4343899457890608	nan	nan	nan	nan	
24.619238476953907	-0.012775570429345975	2.630998233499943	nan	nan	nan	nan	
24.68937875751503	0.2588348613743096	2.473226499481101	nan	nan	nan	nan	
24.759519038076153	0.4958220592641813	1.979944610400506	nan	nan	nan	nan	
24.829659318637276	0.6659120050749867	1.2157814505984188	nan	nan	nan	nan	
24.899799599198396	0.7457021682967865	0.2828982052658749	nan	nan	nan	nan	
24.96993987975952	0.7239403546420861	-0.6924970948998507	nan	nan	nan	nan	
25.04008016032064	0.6031822757955212	-1.5771400263423847	nan	nan	nan	nan	
25.110220440881765	0.3995753343885935	-2.248931963927382	nan	nan	nan	nan	
25.180360721442884	0.14076963285230054	-2.613902888715742	nan	nan	nan	nan	
25.250501002004007	-0.1377840915573914	-2.619545742227821	nan	nan	nan	nan	
25.32064128256513	-0.3976617935460426	-2.262607300491637	nan	nan	nan	nan	
25.390781563126254	-0.6027658245757936	-1.5901520831862659	nan	nan	nan	nan	
25.460921843687377	-0.7243666105863307	-0.693629930920616	nan	nan	nan	nan	
25.531062124248496	-0.7451788309606009	0.30334873807101614	nan	nan	nan	nan	
25.60120240480962	-0.6618871595034315	1.2619285876387158	nan	nan	nan	nan	
25.671342685370742	-0.48574386488969984	2.0473215846958066	nan	nan	nan	nan	
25.741482965931866	-0.2411252719981491	2.5478361792992263	nan	nan	nan	nan	
25.811623246492985	0.03777982159137208	2.69092890664141	nan	nan	nan	nan	
25.881763527054108	0.3117092493127857	2.453951007553168	nan	nan	nan	nan	
25.95190380761523	0.5418432433897864	1.8679694911231213	nan	nan	nan	nan	
26.022044088176354	0.6953240659053461	1.01399643724523	nan	nan	nan	nan	
26.092184368737474	0.7499926021382077	0.012032001757976554	nan	nan	nan	nan	
26.162324649298597	0.6976532567044085	-0.9956352795495883	nan	nan	nan	nan	
26.23246492985972	0.5453775416279891	-1.86457296643865	nan	nan	nan	nan	
26.302605210420843	0.31463024348484325	-2.4689535167093757	nan	nan	nan	nan	
26.372745490981963	0.03831221682572704	-2.7199226770497837	nan	nan	nan	nan	
26.442885771543086	-0.24388338701211743	-2.5788877475148464	nan	nan	nan	nan	
26.51302605210421	-0.49115338693557964	-2.0637097841712517	nan	nan	nan	nan	
26.583166332665332	-0.6674952297973026	-1.2467767331559914	nan	nan	nan	nan	
26.65330661322645	-0.7469887679228381	-0.24509922317310245	nan	nan	nan	nan	
26.723446893787575	-0.7176690705889325	0.7962590934257354	nan	nan	nan	nan	
26.793587174348698	-0.5834031895886214	1.725100968469496	nan	nan	nan	nan	
26.86372745490982	-0.3634668434681366	2.404363684698262	nan	nan	nan	nan	
26.93386773547094	-0.08985036127792521	2.732477001949661	nan	nan	nan	nan	
27.004008016032063	0.19734120340381178	2.6587706329711587	nan	nan	nan	nan	
27.074148296593187	0.4557407729561796	2.191565334844952	nan	nan	nan	nan	
27.14428857715431	0.6469749414782928	1.3976228003120275	nan	nan	nan	nan	
27.214428857715433	0.7423986576194267	0.3928910958591264	nan	nan	nan	nan	
27.284569138276552	0.7274470832532245	-0.6742188307086097	nan	nan	nan	nan	
27.354709418837675	0.6039350855461193	-1.6446478842657433	nan	nan	nan	nan	
27.4248496993988	0.38993116469158007	-2.3724070760639187	nan	nan	nan	nan	
27.49498997995992	0.11719074548706435	-2.746663860206472	nan	nan	nan	nan	
27.56513026052104	-0.17349897928587132	-2.708839520197029	nan	nan	nan	nan	
27.635270541082164	-0.43838938122212734	-2.262050874044703	nan	nan	nan	nan	
27.705410821643287	-0.6373573720600865	-1.4713393818331588	nan	nan	nan	nan	
27.77555110220441	-0.7400173401768324	-0.4545013125827774	nan	nan	nan	nan	
27.84569138276553	-0.7304223541971292	0.6352388568773965	nan	nan	nan	nan	
27.915831663326653	-0.6096187267262014	1.6322002687228108	nan	nan	nan	nan	
27.985971943887776	-0.3956341257118613	2.3834394117577222	nan	nan	nan	nan	
28.0561122244489	-0.1208658216173979	2.7723369290912903	nan	nan	nan	nan	
28.12625250501002	0.17276555356388146	2.7369240430970465	nan	nan	nan	nan	
28.196392785571142	0.4401813938066155	2.280038100332266	nan	nan	nan	nan	
28.266533066132265	0.6400682822175467	1.4696057709506738	nan	nan	nan	nan	
28.336673346693388	0.7412957755786863	0.428850941498333	nan	nan	nan	nan	
28.406813627254508	0.727826967102127	-0.6822139684623999	nan	nan	nan	nan	
28.47695390781563	0.6013382797230169	-1.691271712104922	nan	nan	nan	nan	
28.547094188376754	0.38110945760764253	-2.4404338119098066	nan	nan	nan	nan	
28.617234468937877	0.10116421792763979	-2.8110780775985256	nan	nan	nan	nan	
28.687374749499	-0.19492770454889602	-2.7428652508661	nan	nan	nan	nan	
28.75751503006012	-0.46080273689255896	-2.2438533321387535	nan	nan	nan	nan	
28.827655310621243	-0.6545684972800385	-1.3899750523530872	nan	nan	nan	nan	
28.897795591182366	-0.7454429687294299	-0.3137930290690624	nan	nan	nan	nan	
28.96793587174349	-0.7187101488387814	0.815856116777028	nan	nan	nan	nan	
29.03807615230461	-0.5781847342026305	1.8202416118135003	nan	nan	nan	nan	
29.10821643286573	-0.3457615014622723	2.539040655256593	nan	nan	nan	nan	
29.178356713426854	-0.058082681694042834	2.8560803216993054	nan	nan	nan	nan	
29.248496993987978	0.2391828085512112	2.7183652604504576	nan	nan	nan	nan	
29.318637274549097	0.49856462529404705	2.145238561727945	nan	nan	nan	nan	
29.38877755511022	0.6783820948558028	1.2260516568784794	nan	nan	nan	nan	
29.458917835671343	0.7494860757758172	0.10654035997507835	nan	nan	nan	nan	
29.529058116232466	0.700054600052374	-1.0340694904183656	nan	nan	nan	nan	
29.599198396793586	0.5376427586754609	-2.011667545235201	nan	nan	nan	nan	
29.66933867735471	0.28811952356887893	-2.6670270295034175	nan	nan	nan	nan	
29.739478957915832	-0.008376288167207813	-2.8919172123743566	nan	nan	nan	nan	
29.809619238476955	-0.30384187044432265	-2.64725237596209	nan	nan	nan	nan	
29.879759519038075	-0.5501646109223942	-1.9701936804604339	nan	nan	nan	nan	
29.949899799599198	-0.7069753837491499	-0.9688739937939935	nan	nan	nan	nan	
30.02004008016032	-0.7483165521375698	0.19457733907093683	nan	nan	nan	nan	
30.090180360721444	-0.6670154044514192	1.330097337782839	nan	nan	nan	nan	
30.160320641282567	-0.4760145116231579	2.250684215738998	nan	nan	nan	nan	
30.230460921843687	-0.2064010264886092	2.8032815415422387	nan	nan	nan	nan	
30.30060120240481	0.09758133967013664	2.894439693681867	nan	nan	nan	nan	
30.370741482965933	0.38574984254986777	2.5064203987285065	nan	nan	nan	nan	
30.440881763527056	0.6102599638454612	1.7009243553949727	nan	nan	nan	nan	
30.511022044088175	0.7335788359687958	0.6096360833788281	nan	nan	nan	nan	
30.5811623246493	0.7348216437557249	-0.587031642935366	nan	nan	nan	nan	
30.65130260521042	0.6133716630526374	-1.6896120285287162	nan	nan	nan	nan	
30.721442885771545	0.38914369700055323	-2.5128248036177316	nan	nan	nan	nan	
30.791583166332664	0.09940482582556504	-2.9168479616740166	nan	nan	nan	nan	
30.861723446893787	-0.2073555157023344	-2.831322942879204	nan	nan	nan	nan	
30.93186372745491	-0.4795092040837791	-2.267932811626425	nan	nan	nan	nan	
31.002004008016034	-0.6709850117288975	-1.3192569013150979	nan	nan	nan	nan	
31.072144288577153	-0.7491109695249449	-0.14389504186197208	nan	nan	nan	nan	
31.142284569138276	-0.7002618373813392	1.0598107369355274	nan	nan	nan	nan	
31.2124248496994	-0.5323239673206247	2.08714654614735	nan	nan	nan	nan	
31.282565130260522	-0.27351826804464846	2.7618946416380252	nan	nan	nan	nan	
31.352705410821642	0.032262195976298064	2.966754401062323	nan	nan	nan	nan	
31.422845691382765	0.332844129603787	2.664034909472143	nan	nan	nan	nan	
31.492985971943888	0.5766601069882249	1.9029221402858125	nan	nan	nan	nan	
31.56312625250501	0.7216186240194709	0.8118753761370054	nan	nan	nan	nan	
31.633266533066134	0.7424289411416097	-0.42274858715321184	nan	nan	nan	nan	
31.703406813627254	0.6350966450753384	-1.5883432519270198	nan	nan	nan	nan	
31.773547094188377	0.41777746317734804	-2.4826325342355546	nan	nan	nan	nan	
31.8436873747495	0.12779731678300058	-2.948897941310456	nan	nan	nan	nan	
31.913827655310623	-0.18468931696062285	-2.903699606157719	nan	nan	nan	nan	
31.983967935871743	-0.4653379831335698	-2.3521470515886866	nan	nan	nan	nan	
32.054108216432866	-0.6650686772265502	-1.387872449020688	nan	nan	nan	nan	
32.124248496993985	-0.7486912577432501	-0.17749439370940828	nan	nan	nan	nan	
32.19438877755511	-0.7011792011184805	1.0679183715588807	nan	nan	nan	nan	
32.26452905811623	-0.5304610664420311	2.1295440670229406	nan	nan	nan	nan	
32.33466933867736	-0.2661966930431598	2.8193079705762654	nan	nan	nan	nan	
32.40480961923848	0.0452933612849136	3.013405657562938	nan	nan	nan	nan	
32.4749498997996	0.34909362579798897	2.6748416212030284	nan	nan	nan	nan	
32.545090180360724	0.5913602569605186	1.860828966844116	nan	nan	nan	nan	
32.61523046092184	0.7288899438137192	0.7135227923220494	nan	nan	nan	nan	
32.68537074148296	0.7368865947876441	-0.5644927566335975	nan	nan	nan	nan	
32.75551102204409	0.6135191849335919	-1.7457965141405125	nan	nan	nan	nan	
32.82565130260521	0.3804184900452168	-2.618583470354526	nan	nan	nan	nan	
32.895791583166336	0.07897640719073494	-3.0247894750216613	nan	nan	nan	nan	
32.965931863727455	-0.2369365763558694	-2.889001917820698	nan	nan	nan	nan	
33.036072144288575	-0.5105671960118754	-2.2328216343249383	nan	nan	nan	nan	
33.1062124248497	-0.6924853982953728	-1.171883722610139	nan	nan	nan	nan	
33.17635270541082	-0.7495638356568919	0.10416141723149097	nan	nan	nan	nan	
33.24649298597195	-0.6710912095719962	1.3653110086865734	nan	nan	nan	nan	
33.31663326653307	-0.47087753203103194	2.382588302652474	nan	nan	nan	nan	
33.38677354709419	-0.1849226289783571	2.969709865304754	nan	nan	nan	nan	
33.45691382765531	0.13497821685724842	3.017445818302992	nan	nan	nan	nan	
33.52705410821643	0.43057073544582836	2.51429399066275	nan	nan	nan	nan	
33.59719438877755	0.647746094915929	1.5494965135709107	nan	nan	nan	nan	
33.66733466933868	0.7464841099067847	0.29760695090436234	nan	nan	nan	nan	
33.7374749498998	0.7083015845778372	-1.012802441068437	nan	nan	nan	nan	
33.807615230460925	0.5398067918996913	-2.1407400778047068	nan	nan	nan	nan	
33.877755511022045	0.2716606045308442	-2.8771580246248756	nan	nan	nan	nan	
33.947895791583164	-0.04691555747207431	-3.0839074000066775	nan	nan	nan	nan	
34.01803607214429	-0.3571181661238438	-2.719991729186302	nan	nan	nan	nan	
34.08817635270541	-0.6013997393045896	-1.8500718163306762	nan	nan	nan	nan	
34.15831663326653	-0.734172609315465	-0.6334029761327977	nan	nan	nan	nan	
34.22845691382766	-0.7303828272518164	0.7049915150346787	nan	nan	nan	nan	
34.298597194388776	-0.5903300069672319	1.9157582503377315	nan	nan	nan	nan	
34.3687374749499	-0.33978981063935654	2.7716691307197086	nan	nan	nan	nan	
34.43887775551102	-0.025363925320473976	3.1104431532142844	nan	nan	nan	nan	
34.50901803607214	0.29412216204340846	2.86583511566326	nan	nan	nan	nan	
34.57915831663327	0.5585986830656218	2.080980024607676	nan	nan	nan	nan	
34.64929859719439	0.7180645635714432	0.9012416035800908	nan	nan	nan	nan	
34.719438877755515	0.742100326498894	-0.45235035417041924	nan	nan	nan	nan	
34.789579158316634	0.6257604154173039	-1.724292700784757	nan	nan	nan	nan	
34.859719438877754	0.3906876298375782	-2.6727995921803664	nan	nan	nan	nan	
34.92985971943888	0.08118556280426335	-3.1159123902321673	nan	nan	nan	nan	
35.0	-0.24405817816567588	-2.9667108216395097	nan	nan	nan	nan	
