19:08:31
time to do symbolics	= 36.26619791984558s 
time to do numerics	= 1.6378679275512695s 
t	x	x' (first order) x	x' (2nd order) etc. 
-10.0	0.842071735976359	-0.014982224969490927	0.842071735976359	-0.014982224969490927	
-9.959919839679358	0.6461185575234788	-3.028461040000795	nan	nan	
-9.919839679358718	0.5813273569867353	-3.4234244427195284	nan	nan	
-9.879759519038076	0.5090150642719622	-3.7771817964317846	nan	nan	
-9.839679358717435	0.430058651203513	-4.084788552055083	nan	nan	
-9.799599198396793	0.3454292207050703	-4.3418219209626345	nan	nan	
-9.759519038076153	0.25618086598675643	-4.544447573206663	nan	nan	
-9.719438877755511	0.16343825032915416	-4.689480233566895	nan	nan	
-9.67935871743487	0.06838303940192964	-4.774437222875977	nan	nan	
-9.639278557114228	-0.02776066342555834	-4.797584054365257	nan	nan	
-9.599198396793588	-0.12374171119155054	-4.757971270953009	nan	nan	
-9.559118236472946	-0.21829795380543654	-4.655461799016402	nan	nan	
-9.519038076152304	-0.31017272825971154	-4.490748196601521	nan	nan	
-9.478957915831664	-0.39813159060958025	-4.265359288389988	nan	nan	
-9.438877755511022	-0.4809790727703114	-3.9816558050155906	nan	nan	
-9.39879759519038	-0.5575752408239009	-3.6428147792755055	nan	nan	
-9.358717434869739	-0.6268518279590343	-3.2528025949913872	nan	nan	
-9.318637274549099	-0.6878277145428366	-2.816336734146138	nan	nan	
-9.278557114228457	-0.7396235302546359	-2.338836422701401	nan	nan	
-9.238476953907815	-0.7814751587827377	-1.8263625332778406	nan	nan	
-9.198396793587175	-0.8127459343341485	-1.2855472616228578	nan	nan	
-9.158316633266534	-0.832937331133369	-0.7235142513620209	nan	nan	
-9.118236472945892	-0.8416979621446746	-0.1477899956999198	nan	nan	
-9.07815631262525	-0.838830721352198	0.4337925067685836	nan	nan	
-9.03807615230461	-0.8242979249369462	1.0131967244689706	nan	nan	
-8.997995991983968	-0.7982243304173388	1.582290945593926	nan	nan	
-8.957915831663327	-0.7608979390407136	2.132960645640271	nan	nan	
-8.917835671342685	-0.7127685151540916	2.6572234012908416	nan	nan	
-8.877755511022045	-0.6544437866268673	3.1473447961420797	nan	nan	
-8.837675350701403	-0.5866833222877806	3.5959536965392336	nan	nan	
-8.797595190380761	-0.5103901153793936	3.9961552291205398	nan	nan	
-8.75751503006012	-0.42659993579580635	4.341639767171826	nan	nan	
-8.71743486973948	-0.3364685478958794	4.626786231874283	nan	nan	
-8.677354709418838	-0.2412569244932326	4.8467580380397255	nan	nan	
-8.637274549098196	-0.1423146207146385	4.997590062718858	nan	nan	
-8.597194388777556	-0.0410615032797568	5.0762650895437424	nan	nan	
-8.557114228456914	0.061031939130531766	5.080778281884036	nan	nan	
-8.517034068136272	0.16246545089530817	5.010188363530457	nan	nan	
-8.47695390781563	0.26173075125285616	4.864654335951829	nan	nan	
-8.43687374749499	0.3573338624254571	4.645456735082236	nan	nan	
-8.396793587174349	0.44781770548545546	4.3550026265482344	nan	nan	
-8.356713426853707	0.5317846313787706	3.996813754303911	nan	nan	
-8.316633266533067	0.607918545036628	3.575497491456858	nan	nan	
-8.276553106212425	0.675006275865334	3.0967004909074816	nan	nan	
-8.236472945891784	0.731957848379499	2.5670451941826484	nan	nan	
-8.196392785571142	0.7778253125421729	1.994049626074259	nan	nan	
-8.156312625250502	0.8118198046305842	1.386031176636566	nan	nan	
-8.11623246492986	0.8333265262138735	0.7519953467247654	nan	nan	
-8.076152304609218	0.841917351082589	0.10151070432602247	nan	nan	
-8.036072144288577	0.8373607975949625	-0.5554284379783343	nan	nan	
-7.9959919839679365	0.8196291366977023	-1.2085498634965512	nan	nan	
-7.955911823647295	0.7889024435444575	-1.8474598154205557	nan	nan	
-7.915831663326653	0.7455694427864774	-2.461805677996995	nan	nan	
-7.875751503006012	0.6902250437699189	-3.0414425826970373	nan	nan	
-7.835671342685371	0.6236645114786478	-3.576601391676834	nan	nan	
-7.7955911823647295	0.5468742714622797	-4.0580553896107245	nan	nan	
-7.755511022044088	0.46101940146147175	-4.477282931752129	nan	nan	
-7.715430861723447	0.3674279181919099	-4.82662325408292	nan	nan	
-7.675350701402806	0.2675720239194766	-5.09942265339803	nan	nan	
-7.635270541082164	0.16304653314671644	-5.290168293317531	nan	nan	
-7.595190380761523	0.05554475399278783	-5.394606988055812	nan	nan	
-7.555110220440882	-0.05316784928163616	-5.409846460132864	nan	nan	
-7.515030060120241	-0.16128183765265355	-5.33443676114474	nan	nan	
-7.474949899799599	-0.2669734034998113	-5.168429785461282	nan	nan	
-7.434869739478958	-0.36843494356847545	-4.913415093682525	nan	nan	
-7.394789579158317	-0.4639061080464749	-4.572530593368419	nan	nan	
-7.354709418837675	-0.5517048094218282	-4.150446995583103	nan	nan	
-7.314629258517034	-0.6302576569440143	-3.6533253728890593	nan	nan	
-7.274549098196393	-0.6981292731505645	-3.0887475824443626	nan	nan	
-7.234468937875752	-0.7540499486088532	-2.4656197808140465	nan	nan	
-7.19438877755511	-0.7969411001972837	-1.7940497382228282	nan	nan	
-7.154308617234469	-0.8259380172045994	-1.0851991517598198	nan	nan	
-7.114228456913828	-0.840409408398058	-0.35111265135743647	nan	nan	
-7.074148296593187	-0.8399733019701873	0.3954743194621423	nan	nan	
-7.034068136272545	-0.8245088987093565	1.1413460931262733	nan	nan	
-6.993987975951904	-0.7941640364580136	1.8730327345189746	nan	nan	
-6.953907815631263	-0.7493579903391658	2.577047846837563	nan	nan	
-6.913827655310621	-0.6907794075726331	3.2401343383892023	nan	nan	
-6.8737474949899795	-0.6193792570049781	3.8495139438896206	nan	nan	
-6.833667334669339	-0.5363587605964568	4.393136037383697	nan	nan	
-6.793587174348698	-0.44315236572777034	4.8599210873106164	nan	nan	
-6.753507014028056	-0.3414059118338688	5.239993994947908	nan	nan	
-6.713426853707415	-0.23295024092419445	5.524902531980237	nan	nan	
-6.673346693386774	-0.11977059727362421	5.707816156567006	nan	nan	
-6.6332665330661325	-0.00397225513430079	5.783700644000797	nan	nan	
-6.593186372745491	0.11225709717005042	5.749464220300344	nan	nan	
-6.55310621242485	0.22668760487888667	5.604071235633145	nan	nan	
-6.513026052104209	0.33708943865634594	5.3486198582703155	nan	nan	
-6.472945891783567	0.44127617736575553	4.986380805866813	nan	nan	
-6.432865731462925	0.537148574245891	4.522794754260405	nan	nan	
-6.3927855711422845	0.6227378580856193	3.9654267676607375	nan	nan	
-6.352705410821644	0.6962476949393935	3.3238768689618277	nan	nan	
-6.312625250501002	0.7560939260382668	2.609646703827028	nan	nan	
-6.272545090180361	0.8009412049188256	1.835963134063794	nan	nan	
-6.23246492985972	0.8297356822212759	1.0175605096886053	nan	nan	
-6.192384769539078	0.8417329305898485	0.1704242983498176	nan	nan	
-6.152304609218437	0.8365203647860127	-0.6885003226690269	nan	nan	
-6.112224448897796	0.8140334932647313	-1.5416304021021945	nan	nan	
-6.072144288577155	0.7745654364376231	-2.3710923059343942	nan	nan	
-6.032064128256513	0.7187692626121398	-3.159087792802394	nan	nan	
-5.991983967935872	0.6476528236930355	-3.8882721867168715	nan	nan	
-5.95190380761523	0.5625659172818313	-4.542137149349111	nan	nan	
-5.9118236472945895	0.46517975752411783	-5.105390067654198	nan	nan	
-5.871743486973948	0.3574589012557316	-5.564321729240756	nan	nan	
-5.831663326653307	0.24162594564929646	-5.9071537745996	nan	nan	
-5.791583166332665	0.1201194853027545	-6.124357406790642	-2.695184287860239e+305	nan	
-5.751503006012024	-0.004454013089214183	-6.20893501743707	-5.370085803250771e+302	1.3164230251978302e+305	
-5.711422845691383	-0.12937359552456626	-6.156656761639948	-1.0711918557978906e+300	2.6209877310440688e+302	
-5.671342685370742	-0.25186148654323626	-5.966244688769679	-2.1392404442651363e+297	5.22430319722001e+299	
-5.631262525050101	-0.3691439157123015	-5.639497811957614	-4.277319560950773e+294	1.0425545814881992e+297	
-5.591182364729459	-0.4785138597519122	-5.181352472976693	-8.56283276241466e+291	2.0830029621757746e+294	
-5.551102204408818	-0.5773943521045558	-4.5998735227572105	-1.7163714091601043e+289	4.1669252614201314e+291	
-5.511022044088176	-0.6634009336220453	-3.9061731777282604	-3.4448315759942015e+286	8.346239230995682e+288	
-5.470941883767535	-0.7344017683806089	-3.114255910092103	-6.923138229395435e+283	1.6739030393612064e+286	
-5.430861723446894	-0.7885739304112089	-2.2407893624690853	-1.3932601178607387e+281	3.3616283243157032e+283	
-5.390781563126253	-0.8244543828036238	-1.3048030155156005	-2.807838068211127e+278	6.760287026372005e+280	
-5.350701402805611	-0.8409842220474273	-0.3273181477277726	-5.666822252803712e+275	1.3614236866215654e+278	
-5.31062124248497	-0.8375448487354928	0.6690855281101079	-1.14538748472212e+273	2.745689755404069e+275	
-5.270541082164329	-0.8139848512054698	1.6607593292389211	-2.318616056954713e+270	5.545714382497496e+272	
-5.2304609218436875	-0.7706365507902321	2.623522159382148	-4.700972502976823e+267	1.1218374315908254e+270	
-5.190380761523047	-0.708321354620084	3.533233462309718	-9.546597880325114e+264	2.272939789374248e+267	
-5.150300601202405	-0.6283432919266265	4.3663903396584125	-1.9419224538786117e+262	4.612659428691909e+264	
-5.110220440881764	-0.5324703691080569	5.100735260447247	-3.956931184380465e+259	9.37650316556637e+261	
-5.070140280561122	-0.4229036630035739	5.715859696871064	-8.077003424394464e+256	1.9093160882332218e+259	
-5.030060120240481	-0.3022343755007441	6.193788221698346	-1.6516947585602508e+254	3.8947924390591356e+256	
-4.98997995991984	-0.17338938945972518	6.519527140299738	-3.383923260273703e+251	7.95945501697906e+253	
-4.949899799599199	-0.03956618884569941	6.681561643522104	-6.946191075794331e+248	1.629666375045626e+251	
-4.909819639278557	0.0958416729453031	6.672285788553987	-1.4286757712111637e+246	3.3431446121569647e+248	
-4.869739478957916	0.22932706174731926	6.488350368136557	-2.944472840923649e+243	6.871924423455234e+245	
-4.829659318637275	0.35735792174019415	6.1309149293549465	-6.0812874306416635e+240	1.4154514860104095e+243	
-4.789579158316633	0.47647005498425804	5.605791856765463	-1.258710468536781e+238	2.9216802267718216e+240	
-4.7494989979959925	0.583361745131339	4.923472534118883	-2.611125931276074e+235	6.043940806974947e+237	
-4.709418837675351	0.6749877690083217	4.099028125162638	-5.429150995263647e+232	1.2531048906109719e+235	
-4.66933867735471	0.748650214201787	3.1518804343062485	-1.1315397590514153e+230	2.604146418124257e+232	
-4.629258517034068	0.8020834572736222	2.1054415758118226	-2.36414675555201e+227	5.424833391622066e+229	
-4.589178356713427	0.8335306623263042	0.9866247351041397	-4.951992687517612e+224	1.1328802684978447e+227	
-4.5490981963927855	0.8418092384987655	-0.1747679265456856	-1.0399731219218081e+222	2.37188235545116e+224	
-4.509018036072145	0.8263628511836838	-1.3467702798365653	-2.189968376828896e+219	4.979091835796553e+221	
-4.468937875751503	0.787297817025186	-2.4960762851711302	-4.6245102009850265e+216	1.0480760830080436e+219	
-4.428857715430862	0.7254020266936297	-3.588945403898612	-9.793681029439025e+213	2.2123841765565234e+216	
-4.388777555110221	0.6421449293573633	-4.592168036224754	-2.0802728090029462e+211	4.683756900254258e+213	
-4.348697394789579	0.539657573549093	-5.4740663567166	-4.432332223321768e+208	9.945736306104656e+210	
-4.308617234468938	0.42069222307845666	-6.205503072155154	-9.473869027458755e+205	2.118521367566504e+208	
-4.268537074148297	0.2885616435139729	-6.760868363821499	-2.0316683317450485e+203	4.527187482011699e+205	
-4.228456913827656	0.14705877174626167	-7.11901372031517	-4.3717763211096945e+200	9.706713863702629e+202	
-4.188376753507014	0.0003581230238478251	-7.264100632400573	-9.440482447601966e+197	2.088404249732737e+200	
-4.148296593186373	-0.14709906081928412	-7.186332309863145	-2.046045341940774e+195	4.5092900355619385e+197	
-4.108216432865731	-0.29073328081471034	-6.88253777601115	-4.451200407220189e+192	9.7725523011276e+194	
-4.0681362725450905	-0.4259656222609374	-6.356579959993807	-9.721613677314473e+189	2.1260401559257242e+192	
-4.028056112224449	-0.5483631724984376	-5.619562775245776	-2.131866319801276e+187	4.6436394556645375e+189	
-3.987975951903808	-0.653786746789358	-4.689816647465365	-4.694677793082943e+184	1.0184312560291702e+187	
-3.947895791583167	-0.7385362807073046	-3.5926475055961826	-1.0383470110497606e+182	2.2431411232560286e+184	
-3.907815631262525	-0.7994889947594317	-2.3598408036269265	-2.3069589559283245e+179	4.962511847135228e+181	
-3.8677354709418843	-0.834225324468163	-1.0289195877168555	-5.149567527879176e+176	1.1029051507932299e+179	
-3.8276553106212425	-0.8411376537999405	0.3578361925245395	-1.155078410795272e+174	2.462868914692963e+176	
-3.7875751503006017	-0.8195171051689423	1.7545932056605402	-2.60400507163774e+171	5.526998108163525e+173	
-3.74749498997996	-0.7696140344835463	3.113366145966668	-5.901268983318391e+168	1.2467066115822102e+171	
-3.707414829659319	-0.69266845892479	4.385583035156908	-1.3446515265248739e+166	2.827170902152438e+168	
-3.6673346693386772	-0.5909074065294538	5.523771675300345	-3.0812472103290743e+163	6.446778361937964e+165	
-3.6272545090180364	-0.46750711180993476	6.483316394969945	-7.102183714537458e+160	1.478531729610005e+163	
-3.5871743486973955	-0.3265190751018565	7.224227115287891	-1.6470492728731796e+158	3.4112592038112123e+160	
-3.5470941883767537	-0.1727602321736199	7.712857020224842	-3.8439373509743027e+155	7.919517439298581e+157	
-3.507014028056113	-0.011668814377482403	7.923501117885821	-9.030502644414316e+152	1.8505103793240004e+155	
-3.466933867735471	0.15087111965513925	7.839806082328388	-2.136140737520123e+150	4.353188030628293e+152	
-3.42685370741483	0.3087320770198945	7.455922293087151	-5.089233107594088e+147	1.0312558735451163e+150	
-3.3867735470941884	0.4557666509542865	6.777332218169846	-1.2215402058627647e+145	2.4609037262738592e+147	
-3.3466933867735476	0.5860450634887879	5.821295426002076	-2.954820206290216e+142	5.917312190659091e+144	
-3.306613226452906	0.6940984631632408	4.616859688685798	-7.205499307473772e+139	1.4341523904759012e+142	
-3.266533066132265	0.775158756701165	3.2043998770642954	-1.771968589334587e+137	3.5047220002171936e+139	
-3.226452905811623	0.8253850696563447	1.6346615526249257	-4.396062387421852e+134	8.638800410788614e+136	
-3.1863727454909823	0.8420665765386238	-0.0326958965418962	-1.1006590010272631e+132	2.1486077536407437e+134	
-3.1462925851703414	0.8237914696476535	-1.7310414236616207	-2.782254339860483e+129	5.394305150845499e+131	
-3.1062124248496996	0.7705722931899458	-3.3891625051737	-7.103612176180708e+126	1.3676297030781721e+129	
-3.0661322645290587	0.6839187890056281	-4.934042763826479	-1.8327076153912563e+124	3.5030460192505277e+126	
-3.026052104208417	0.5668508013517659	-6.293942876027738	-4.780158450952017e+121	9.069167501668066e+123	
-2.985971943887776	0.42384567170867943	-7.401677711142808	-1.2610762700348771e+119	2.3743468695169954e+121	
-2.9458917835671343	0.26071690069259096	-8.197961562547826	-3.3667975511109474e+116	6.289246262169422e+118	
-2.9058116232464934	0.0844236197330146	-8.63467527038895	-9.101405776653745e+113	1.6864195393782845e+116	
-2.8657314629258517	-0.09718646820266735	-8.677895289987642	-2.492690862493223e+111	4.580293356600606e+113	
-2.825651302605211	-0.2756946467246508	-8.310516631874279	-6.920918680183459e+108	1.260792622081733e+111	
-2.785571142284569	-0.44247970328887726	-7.534300354765486	-1.9492904248669017e+106	3.5196029159893563e+108	
-2.745490981963928	-0.5891243706971059	-6.371183090181009	-5.5732060636896574e+103	9.970940785770109e+105	
-2.7054108216432873	-0.7078433453425016	-4.8637018922217115	-1.6186945167385276e+101	2.8686711649728822e+103	
-2.6653306613226455	-0.7919135944341033	-3.0744132455937483	-4.779580486049329e+98	8.387938914606735e+100	
-2.6252505010020046	-0.8360852996738118	-1.0842206779953742	-1.4359296193634068e+96	2.494631934387262e+98	
-2.585170340681363	-0.8369502049601073	1.0104289934063826	-4.393081540612058e+93	7.552691026398336e+95	
-2.545090180360722	-0.7932435467012773	3.101465843714075	-1.3699180098738215e+91	2.3298611924855097e+93	
-2.50501002004008	-0.7060563387265204	5.074155555060774	-4.358421630769286e+88	7.3299959680828645e+90	
-2.4649298597194393	-0.5789367235094731	6.8129497383200865	-1.4161807191731705e+86	2.354289086922167e+88	
-2.4248496993987976	-0.417862509310221	8.208008561777802	-4.704735730629492e+83	7.727901587680717e+85	
-2.3847695390781567	-0.23107195302490371	9.162104178910235	-1.5998526431504479e+81	2.5953778628426683e+83	
-2.344689378757515	-0.028746311187904137	9.59754568021226	-5.575510314882174e+78	8.928906305343808e+80	
-2.304609218436874	0.17745443314658768	9.462707946051	-1.9939465099478536e+76	3.1507065225284462e+78	
-2.264529058116233	0.3749921568965054	8.737703410378357	-7.327667830678441e+73	1.1418709522820394e+76	
-2.2244488977955914	0.5511669880156839	7.438713311444939	-2.7712625395202133e+71	4.256465104199832e+73	
-2.1843687374749505	0.6939185488991348	5.62049957496322	-1.0802516366978254e+69	1.634429750651359e+71	
-2.1442885771543088	0.7926707915635866	3.3766558673707334	-4.3473574715197046e+66	6.475476682556322e+68	
-2.104208416833668	0.8391696987191384	0.8372316753112583	-1.8094286682740376e+64	2.6516263041624283e+66	
-2.064128256513026	0.8282553252524216	-1.8365196724751043	-7.80339120610373e+61	1.1242971092930949e+64	
-2.0240480961923852	0.7585044338995558	-4.460357469913353	-3.493909991500162e+59	4.945615310252988e+61	
-1.9839679358717444	0.6326783020834335	-6.838119640478641	-1.6275737396074744e+57	2.261644679334088e+59	
-1.9438877755511026	0.4579131060084148	-8.775281689827814	-7.905716448234907e+54	1.0775629748264528e+57	
-1.9038076152304608	0.24559850814686146	-10.09438094795115	-4.0136951018709117e+52	5.361456637337703e+54	
-1.8637274549098208	0.010904398761627807	-10.651392106935974	-2.1352288175524177e+50	2.7926317565507504e+52	
-1.823647294589179	-0.22806340268531955	-10.35185853645451	-1.1934447695656532e+48	1.5267521205313796e+50	
-1.7835671342685373	-0.4514702920526516	-9.16533364114341	-7.028278699406448e+45	8.785126019263509e+47	
-1.7434869739478955	-0.6392813304841658	-7.136500501503011	-4.374096351187281e+43	5.336087057590122e+45	
-1.7034068136272555	-0.773031471948197	-4.391254815102013	-2.886027443816431e+41	3.4319181616813925e+43	
-1.6633266533066138	-0.8377176325826086	-1.1360983799727344	-2.0255547865691195e+39	2.3448157334351215e+41	
-1.623246492985972	-0.823653101912215	2.350558259387313	-1.5176039310326905e+37	1.707786661367221e+39	
-1.5831663326653302	-0.7280904715933156	5.7361048293282675	-1.2183316275673428e+35	1.3307130752541174e+37	
-1.5430861723446903	-0.5563956941697107	8.660633629912361	-1.0521305661173318e+33	1.1135537624701605e+35	
-1.5030060120240485	-0.32254957117807254	10.772209275175964	-9.814248893311485e+30	1.0047071424596725e+33	
-1.4629258517034067	-0.04877097923941864	11.768426371444669	-9.93100728895389e+28	9.814467463577288e+30	
-1.4228456913827667	0.23589456617013396	11.440743599225724	-1.0950098899474424e+27	1.0424515060835553e+29	
-1.382765531062125	0.49809109419120096	9.716600762615638	-1.3217124717972398e+25	1.2092758932440288e+27	
-1.3426853707414832	0.7037169210283246	6.692996439012945	-1.7547258666342286e+23	1.538986510213917e+25	
-1.3026052104208414	0.8223175247358366	2.6543130295636828	-2.5747142493672057e+21	2.1585557228864024e+23	
-1.2625250501002014	0.8318934159735443	-1.9329135324106907	-4.1956451992352555e+19	3.3518087201816733e+21	
-1.2224448897795597	0.7235084614960013	-6.454454856118288	-7.62941342398602e+17	5.78758329771727e+19	
-1.182364729458918	0.5049064957119901	-10.215504119151356	-1.5552288089821226e+16	1.1158760279489834e+18	
-1.1422845691382761	0.20223650029336773	-12.539187443850306	-356887758432802.1	2.411168635377794e+16	
-1.1022044088176361	-0.14099255273560343	-12.888585178257665	-9252151741927.89	585575865605043.4	
-1.0621242484969944	-0.46839328341614306	-10.996239056507365	-271643132087.29355	16009710856846.95	
-1.0220440881763526	-0.7188241936137354	-6.976643515801565	-9038642549.040447	492537679853.81085	
-0.9819639278557126	-0.8376328885746754	-1.3904727119600742	-340074722.3902071	16985675076.005335	
-0.9418837675350709	-0.789534766841201	4.772710668636838	-14360419.814907983	650206674.5590327	
-0.9018036072144291	-0.5705956721133041	10.22015456122227	-668802.3618815993	27046992.45425775	
-0.8617234468937873	-0.21592212983327788	13.598827209228391	-33024.15198333723	1167159.1078411504	
-0.8216432865731473	0.20061652515163464	13.833088749939945	-1562.9018144962492	46481.35748563609	
-0.7815631262525056	0.5775300641447216	10.493058972821862	-47.78184856013027	1078.035611665874	
-0.7414829659318638	0.8083786163800201	4.087130469451403	2.125893538133059	-34.38563862783132	
-0.701402805611222	0.8129064193849236	-3.853818699743568	-0.5279798497331132	21.152286871181474	
-0.661322645290582	0.5689526474152607	-11.018955545791643	-1.139501803368001	17.760235301508242	
-0.6212424849699403	0.13348016110317218	-14.93004245279137	-1.0370655752852929	8.773661779912977	
-0.5811623246492985	-0.3598950239154445	-13.826371857223501	-0.9535789055222567	5.537803164893672	
-0.5410821643286585	-0.7349317852897918	-7.547937572182566	-0.9275450634507151	6.814414655699054	
-0.5010020040080168	-0.835192956734045	1.9934747489460187	-0.8440125167866669	10.650150292367885	
-0.460921843687375	-0.5960044305017299	11.152426510559616	-0.584873307682866	14.765097511621137	
-0.4208416833667332	-0.09353813077277634	15.841177230234882	-0.12170086039167824	16.27255779689148	
-0.38076152304609323	0.4628030259134405	13.43755837990848	0.420669114430669	12.680693992913993	
-0.34068136272545146	0.8097055310805966	4.453787869950561	0.7963747407666091	3.7409372514780745	
-0.3006012024048097	0.7584942171956092	-7.099327515248105	0.7828440054732345	-7.425953933305893	
-0.26052104208416793	0.3111049241695982	-15.293376128584528	0.3486224211595587	-15.363762125169817	
-0.22044088176352794	-0.311460185841351	-15.383045019049211	-0.2866744025520021	-15.375981120067769	
-0.18036072144288617	-0.76818061027657	-6.817203343406723	-0.7618445996141245	-6.8085505134948985	
-0.1402805611222444	-0.7885346712666654	5.8637070998936665	-0.7911654508203303	5.865677260873247	
-0.10020040080160442	-0.3457931075603199	15.285783764489421	-0.34833299789175665	15.285898351042507	
-0.06012024048096265	0.30625647082077295	15.649664411145078	0.30569082741177056	15.649656508007778	
-0.020040080160320883	0.7758107964523514	6.539307359629352	0.7758020082725583	6.539307203394379	
0.020040080160320883	0.7752262113670624	-6.566903565978937	0.775217423187258	-6.566903722467672	
0.060120240480960874	0.30485693330251923	-15.66053740225866	0.3042912896995618	-15.660549644512129	
0.10020040080160264	-0.3471648966530569	-15.273454586024252	-0.3497048013560465	-15.273660153426254	
0.1402805611222444	-0.7890631783179751	-5.835638320377564	-0.7916941402088264	-5.837704483459141	
0.18036072144288617	-0.7675582974268884	6.844527364421317	-0.7612230640741182	6.836115794220479	
0.22044088176352616	-0.3100438126384309	15.394102880662029	-0.28525863242156646	15.388062287937634	
0.26052104208416793	0.3125290878678852	15.282280369556185	0.35005322442586134	15.354440592333528	
0.3006012024048097	0.7591634516363391	7.072325197452995	0.783544155468704	7.40036398866191	
0.3406813627254497	0.8092770042544151	-4.482592969954913	0.7960145237773063	-3.770928995315153	
0.38076152304609145	0.46149167504379224	-13.454003524135505	0.4194312762003887	-12.703361615136034	
0.4208416833667332	-0.09511113626298637	-15.837820763513216	-0.12331730973397273	-16.281362574171528	
0.460921843687375	-0.5971324351857455	-11.131198099514092	-0.5863678623088393	-14.759686131844928	
0.501002004008015	-0.835397381791615	-1.963751437719746	-0.8451120344311961	-10.634128979952195	
0.5410821643286567	-0.734133852990386	7.574075335685403	-0.9282630489338632	-6.792486270351465	
0.5811623246492985	-0.35840274895247093	13.839151883399909	-0.954175081845129	-5.514804848631291	
0.6212424849699403	0.13512746399841546	14.92526335892578	-1.038032879328769	-8.757514857036256	
0.6613226452905803	0.5701960293926963	10.99868769802968	-1.141508233541376	-17.769364252060136	
0.701402805611222	0.8133504348038092	3.8248841743264648	-0.5304289912374174	-21.20261592696305	
0.7414829659318638	0.8078927538597381	-4.11588733213437	2.1299700446229974	34.43970580503728	
0.7815631262525038	0.5762552665425211	-10.513587237400941	-47.912870052003214	-1080.9911398877896	
0.8216432865731456	0.1988955644466449	-13.840196909196	-1568.6937404837704	-46653.611785059264	
0.8617234468937873	-0.21765511303465165	-13.591112959341158	-33173.26843343218	-1172429.2695979108	
0.9018036072144291	-0.5719296236031812	-10.199826636317024	-672345.4546794181	-27190278.437724773	
0.9418837675350691	-0.7901719967858066	-4.7446043671103855	-14447753.490512278	-654160941.8801516	
0.9819639278557108	-0.8374400127366914	1.420275777394192	-342413881.17737794	-17102508784.876072	
1.0220440881763526	-0.717841179462062	7.002204810529434	-9108181037.000341	-496327001683.32996	
1.0621242484969944	-0.46680741993764885	11.01287824142553	-273960125968.15494	-16146266498083.457	
1.1022044088176344	-0.13908934803485348	12.893568423589288	-9339010431252.705	-591073219475299.0	
1.1422845691382761	0.20413215867167225	12.531957291822813	-360552705548008.44	-2.4359293768874184e+16	
1.182364729458918	0.5064870850372779	10.197509302899848	-1.5726059119708026e+16	-1.1283440921645371e+18	
1.222444889779558	0.7245297721533309	6.428691214312082	-7.721730658528452e+17	-5.85761406614428e+19	
1.2625250501001997	0.8322046982535234	1.903305731491479	-4.250395260006299e+19	-3.395547340205182e+21	
1.3026052104208414	0.8218743039069217	-2.683566655849052	-2.610811858158356e+21	-2.1888187705460817e+23	
1.3426853707414832	0.7025777361391591	-6.718017374910581	-1.7810676415696577e+23	-1.5620896268041296e+25	
1.3827655310621232	0.49640131206081295	-9.734294871471528	-1.3428918027622706e+25	-1.2286535225828977e+27	
1.422845691382765	0.23386142713812252	-11.44910154507736	-1.1136865005603561e+27	-1.0602316750488786e+29	
1.4629258517034067	-0.05090768984104294	-11.766652878544932	-1.0110828525072392e+29	-9.992178507361153e+30	
1.5030060120240485	-0.32454717768111246	-10.760696064775672	-1.0002449506293885e+31	-1.0239736703554117e+33	
1.5430861723446885	-0.558035292984966	-8.640805561769122	-1.0734499414636005e+33	-1.1361177591782485e+35	
1.5831663326653302	-0.7291982131211228	-5.710176602566719	-1.2443633889421823e+35	-1.3591460605346194e+37	
1.623246492985972	-0.824114682657109	-2.321241009334652	-1.551729726654993e+37	-1.746189025370488e+39	
1.663326653306612	-0.8374855031734963	1.1659037625512558	-2.0734026529405883e+39	-2.400205215182566e+41	
1.7034068136272538	-0.772125043155774	4.418746395133962	-2.957521656545989e+41	-3.516935470732756e+43	
1.7434869739478955	-0.6377810563082096	7.159222123856022	-4.487548684365355e+43	-5.474490850766875e+45	
1.7835671342685373	-0.4495069131682928	9.181363918142734	-7.218856709123973e+45	-9.023342502057548e+47	
1.8236472945891773	-0.2258038522009851	10.359933788275033	-1.2272284324706957e+48	-1.5699709441375684e+50	
1.863727454909819	0.013272870923767449	10.650961942523498	-2.198244120000391e+50	-2.8750484667966246e+52	
1.9038076152304608	0.2478845162874116	10.085600848376705	-4.1370316402732943e+52	-5.5262084397691935e+54	
1.9438877755511026	0.4599363208865584	8.758951220564509	-8.158362488245e+54	-1.1119990718246179e+57	
1.9839679358717426	0.634282609778153	6.81557774458308	-1.681604522111283e+57	-2.3367247993902533e+59	
2.0240480961923843	0.7595683031365923	4.433347767183103	-3.6142672783006226e+59	-5.11598055771183e+61	
2.064128256513026	0.8286989211028697	1.8070389759709464	-8.082040826220337e+61	-1.1644443932275038e+64	
2.104208416833666	0.8389585641117169	-0.8670891020447972	-1.8763411515417103e+64	-2.7496831680887762e+66	
2.144288577154308	0.7918161721652603	-3.4048472186981322	-4.513690408940078e+66	-6.723232949406441e+68	
2.1843687374749496	0.6924746499202269	-5.645166422113423	-1.1229765051496641e+69	-1.6990728335387975e+71	
2.2244488977955914	0.54922561651355	-7.458291607273507	-2.8844686461744816e+71	-4.430341752725396e+73	
2.2645290581162314	0.37267531754087174	-8.751005985237212	-7.636586744746127e+73	-1.1900098066536273e+76	
2.304609218436873	0.17490551004679408	-9.46897716957865	-2.080631631022051e+76	-3.2876807969194787e+78	
2.344689378757515	-0.03137213545605726	-9.596476046766611	-5.8252850272462766e+78	-9.328908256410121e+80	
2.3847695390781567	-0.2336174119341566	-9.15383637901944	-1.6736551054227072e+81	-2.7151046874504085e+83	
2.4248496993987967	-0.4201775264548686	-8.19309806922377	-4.928072549192858e+83	-8.094750025846316e+85	
2.4649298597194385	-0.5808867531923277	-6.792314042440012	-1.485315628269697e+86	-2.469220437001791e+88	
2.50501002004008	-0.7075293787157328	-5.04900489588585	-4.5770932874551215e+88	-7.697758084195128e+90	
2.54509018036072	-0.7941555376382142	-3.073222679644148	-1.4405146652211685e+91	-2.449927069733307e+93	
2.585170340681362	-0.8372486428278277	-0.9806414792201764	-4.625482075754279e+93	-7.95223959386113e+95	
2.6252505010020037	-0.835750996611853	1.1139661574277653	-1.5138661416452505e+96	-2.6300305881357397e+98	
2.6653306613226455	-0.7909606238825163	3.102575902792698	-5.045596954821699e+98	-8.854785303501084e+100	
2.7054108216432855	-0.706317296005791	4.8888627805005065	-1.7110311557625455e+101	-3.032311339879023e+103	
2.7454909819639273	-0.5870991072620052	6.392110576531938	-5.898887092311215e+103	-1.0553611911568092e+106	
2.785571142284569	-0.44005288843276597	7.550002463347424	-2.0659277829455265e+106	-3.73020118311769e+108	
2.825651302605209	-0.27298231795678407	8.320278747581552	-7.34475835741789e+108	-1.3380040390476233e+111	
2.865731462925851	-0.09431698463783378	8.681302538670042	-2.6488592161849013e+111	-4.867251071128347e+113	
2.9058116232464926	0.08731594053818294	8.631619662869763	-9.684497028433936e+113	-1.7944618027795093e+116	
2.9458917835671343	0.2634981456624242	8.18863467575026	-3.587278738150319e+116	-6.701109601266978e+118	
2.9859719438877743	0.4263884076692652	7.386550260939112	-1.3454585932650227e+119	-2.533221403726196e+121	
3.026052104208416	0.569039609232295	6.273732999665684	-5.106853740132484e+121	-9.68899095103373e+123	
3.066132264529058	0.6856550447512638	4.909675168510054	-1.9605940790827583e+124	-3.7474888118641767e+126	
3.1062124248496996	0.7717780304972596	3.3617208531813603	-7.609538236855064e+126	-1.4650335999941193e+129	
3.1462925851703396	0.8244122098291847	1.7017164181230513	-2.9844312941346246e+129	-5.786290948189218e+131	
3.1863727454909814	0.8420730616740638	0.0027315148131894194	-1.1822364270405319e+132	-2.307855885796638e+134	
3.226452905811623	0.8247738845617909	-1.6640213466083331	-4.7282805549156095e+134	-9.291649753879866e+136	
3.266533066132263	0.7739518712998941	-3.2319618090704614	-1.9084652947718504e+137	-3.7746946224084164e+139	
3.306613226452905	0.692341768049816	-4.641527372641077	-7.771093988579554e+139	-1.5467259859111208e+142	
3.3466933867735467	0.583806006667466	-5.842109533832849	-3.1910963319375384e+142	-6.390477899922307e+144	
3.3867735470941884	0.45313111207664314	-6.793503418529882	-1.3210166774025e+145	-2.6613081160055977e+147	
3.4268537074148284	0.30580063646176775	-7.466856120896719	-5.511190615461998e+147	-1.1167591604206803e+150	
3.46693386773547	0.1477548932974802	-7.845119266368003	-2.3164148882939415e+150	-4.720564234637822e+152	
3.507014028056112	-0.014852597634387009	-7.923029246257437	-9.806016497092997e+152	-2.0094269413582403e+155	
3.5470941883767537	-0.17589273394144866	-7.706653751605975	-4.1797662179587376e+155	-8.611412838693937e+157	
3.5871743486973937	-0.32948426303801626	-7.2125554379558645	-1.7934035943895434e+158	-3.7143785667306507e+160	
3.6272545090180355	-0.47019593088637635	-6.466632688178685	-7.743901715592178e+160	-1.6121245039111276e+163	
3.6673346693386772	-0.5932215672407865	-5.502703533573266	-3.364276388058753e+163	-7.038949730943411e+165	
3.7074148296593172	-0.6945237248264025	-4.360901972386503	-1.470187587349853e+166	-3.0911143040927573e+168	
3.747494989979959	-0.7709429153281421	-3.0859564018626	-6.461107299248803e+168	-1.3649784835915116e+171	
3.7875751503006008	-0.820270887454323	-1.7254179328683257	-2.854976578079878e+171	-6.059684874566877e+173	
3.8276553106212425	-0.8412877267608091	-0.32790231104030193	-1.2681539879689793e+174	-2.703969710473872e+176	
3.8677354709418825	-0.8337637855102149	1.058596617623723	-5.661502250910213e+176	-1.2125484246883819e+179	
3.9078156312625243	-0.7984285432037196	2.388271113081084	-2.539813212127601e+179	-5.4634058929851955e+181	
3.947895791583166	-0.7369094317505628	3.618898784020416	-1.1447376703155702e+182	-2.472976872181798e+184	
3.987975951903808	-0.6516444181760012	4.713043009971189	-5.1828822515099576e+184	-1.1243389885102853e+187	
4.028056112224448	-0.5457727140552006	5.639029750919171	-2.35682938314957e+187	-5.13365486954315e+189	
4.06813627254509	-0.42300837281031345	6.371684990650897	-1.076241347683617e+190	-2.3536548546280737e+192	
4.108216432865731	-0.28750174783534727	6.892825791763668	-4.934601657323604e+192	-1.0833853425966487e+195	
4.148296593186371	-0.1436938254628582	7.191506126125659	-2.2714037008442693e+195	-5.0059585019949406e+197	
4.188376753507013	0.003831669297249238	7.264026087194436	-1.0494889217133785e+198	-2.3216579622055093e+200	
4.228456913827655	0.15049375245933366	7.11371963589524	-4.866835363255097e+200	-1.0805900124568865e+203	
4.268537074148297	0.2918529809789922	6.750541568480656	-2.264889560749294e+203	-5.046876750181035e+205	
4.308617234468937	0.42373978328571893	6.19047885301764	-1.0576148148187492e+206	-2.3650100897050457e+208	
4.348697394789578	0.5423690832460424	5.454814829676216	-4.954944634418339e+208	-1.11184293645615e+211	
4.38877755511022	0.6444385871214479	4.5692770129753395	-2.3288073072375294e+211	-5.2433350315549234e+213	
4.428857715430862	0.727208742199133	3.5631004070855763	-1.097909085995087e+214	-2.4801672444219858e+216	
4.468937875751502	0.7885630263408727	2.468038410644288	-5.191510250709974e+216	-1.1765781654673942e+219	
4.509018036072144	0.8270478703479862	1.3173526300823042	-2.4619189273785477e+219	-5.597396090921394e+221	
4.5490981963927855	0.8418921323470517	0.14481134251403663	-1.1707557995862406e+222	-2.67016037726935e+224	
4.589178356713425	0.8330066201588815	-1.0162759339503562	-5.582553029056068e+224	-1.2771352006238196e+227	
4.629258517034067	0.8009646810540424	-2.1339631694233865	-2.6689246088767985e+227	-6.124184678449075e+229	
4.669338677354709	0.7469653382055644	-3.178490576550287	-1.2792076485760124e+230	-2.9439920156840087e+232	
4.709418837675351	0.672780841892558	-4.123007759762205	-6.146287058048517e+232	-1.418627402011592e+235	
4.749498997995991	0.5806908160091745	-4.944183474294388	-2.9601843292228514e+235	-6.851901951283605e+237	
4.7895791583166325	0.47340541406296566	-5.622692136589903	-1.4289831893588256e+238	-3.3169120565052423e+240	
4.829659318637274	0.3539800532740108	-6.143571126108339	-6.913651077009143e+240	-1.6091884822614782e+243	
4.869739478957916	0.2257243723766153	-6.496446688993152	-3.35220397665253e+243	-7.823503093455639e+245	
4.909819639278556	0.09210806190991376	-6.6756298091287904	-1.6288002247983665e+246	-3.8114418999339767e+248	
4.949899799599198	-0.04333384960296763	-6.680086677705126	-7.930351127624247e+248	-1.8605630674385802e+251	
4.98997995991984	-0.1770937975768336	-6.513291308206268	-3.868815631307597e+251	-9.099988864371456e+253	
5.0300601202404795	-0.3057802971536446	-6.182970363526305	-1.8910344349417882e+254	-4.459169335641549e+256	
5.070140280561121	-0.4262003264033344	-5.700752353341696	-9.260454615338566e+256	-2.1890711260587425e+259	
5.110220440881763	-0.5354336953808968	-5.081735003988751	-4.543109476671583e+259	-1.076553480578038e+262	
5.150300601202405	-0.6308979123957055	-4.343985793575252	-2.2327470146499196e+262	-5.303456658858141e+264	
5.190380761523045	-0.7104023706663698	-3.507991387182794	-1.0991816075004512e+265	-2.6170303209115997e+267	
5.230460921843687	-0.7721910003845346	-2.5960720165103917	-5.420283199948621e+267	-1.2934933313638327e+270	
5.270541082164328	-0.8149728546431213	-1.631776749997632	-2.677175248862175e+270	-6.403323757526825e+272	
5.31062124248497	-0.8379404148389504	-0.6392751258848944	-1.324385253041572e+273	-3.1747780292593976e+275	
5.35070140280561	-0.8407757049060081	0.35724018939452057	-6.56168950583514e+275	-1.5764107499719638e+278	
5.390781563126252	-0.8236445877815148	1.3341261580631583	-3.25583631892536e+278	-7.838909328857664e+280	
5.430861723446894	-0.7871798764777382	2.268825332592187	-1.6178466911879505e+281	-3.903506022872795e+283	
5.470941883767534	-0.7324541216229005	3.1403543575317965	-8.050503554783133e+283	-1.946481772026738e+286	
5.511022044088175	-0.6609431339340708	3.9297360404980455	-4.011466284381109e+286	-9.719098463284186e+288	
5.551102204408817	-0.5744814613769098	4.620367813014425	-2.0015284020056745e+289	-4.8592159105286833e+291	
5.591182364729459	-0.4752111653076525	5.198321244488669	-9.9996200695049e+291	-2.4325172292092408e+294	
5.631262525050099	-0.36552532716695924	5.652569120974072	-5.0021130544737176e+294	-1.2192158681976762e+297	
5.671342685370741	-0.24800776765883967	5.975138412786097	-2.505286433883696e+297	-6.118235078052003e+299	
5.7114228456913825	-0.12537047495222348	6.161189193748126	-1.2562649371891632e+300	-3.0738237688159702e+302	
5.751503006012024	-0.00039021915038212973	6.209021206504008	-6.30683688528776e+302	-1.5460582188340253e+305	
5.791583166332664	0.12415422043610676	6.120011264464346	-3.169826134847046e+305	nan	
5.831663326653306	0.2455428678084404	5.8984860181015355	nan	nan	
5.871743486973948	0.3611721593268175	5.551535773175829	nan	nan	
5.911823647294588	0.4686082314518664	5.0887760178922505	nan	nan	
5.9519038076152295	0.5656349121331724	4.522064086788161	nan	nan	
5.991983967935871	0.6502955969007397	3.8651789579510547	nan	nan	
6.032064128256511	0.7209283560742172	3.133472548055876	nan	nan	
6.072144288577153	0.7761937901279815	2.3435010418968454	nan	nan	
6.112224448897795	0.8150953222915539	1.5126447784597896	nan	nan	
6.152304609218437	0.836991787293947	0.6587250262418556	nan	nan	
6.192384769539078	0.841602339420061	-0.20037436867859448	nan	nan	
6.23246492985972	0.8290038587045206	-1.047072970333215	nan	nan	
6.272545090180358	0.7996211784721815	-1.8644405008736595	nan	nan	
6.312625250501	0.7542105882663179	-2.636518193557663	nan	nan	
6.352705410821642	0.6938371816158384	-3.34860939881344	nan	nan	
6.392785571142284	0.6198467166328795	-3.9875349573156798	nan	nan	
6.432865731462925	0.533832738072985	-4.541849761421615	nan	nan	
6.472945891783567	0.43759977161510133	-5.002017855093549	nan	nan	
6.513026052104209	0.33312344450852965	-5.360544353255752	nan	nan	
6.553106212424851	0.22250841154511453	-5.612063376309453	nan	nan	
6.593186372745489	0.10794497205116604	-5.753382077650107	nan	nan	
6.633266533066131	-0.00833474692567564	-5.78348167658308	nan	nan	
6.673346693386772	-0.12410019273344088	-5.703477182957895	nan	nan	
6.713426853707414	-0.23716456752476725	-5.516538202053518	nan	nan	
6.753507014028056	-0.3454250347072292	-5.227773829708476	nan	nan	
6.793587174348698	-0.44690026551787726	-4.8440851814295725	nan	nan	
6.8336673346693395	-0.5397647158903318	-4.373989540320735	nan	nan	
6.873747494989978	-0.6223791077253	-3.8274204542458135	nan	nan	
6.9138276553106195	-0.6933166785405053	-3.215508361699141	nan	nan	
6.953907815631261	-0.7513848573305903	-2.5503464792408477	nan	nan	
6.993987975951903	-0.7956421204131892	-1.8447467435724796	nan	nan	
7.034068136272545	-0.8254098772418756	-1.111990572418733	nan	nan	
7.074148296593187	-0.8402793308946809	-0.36557909572330916	nan	nan	
7.114228456913828	-0.8401133495831705	0.3810126811894922	nan	nan	
7.1543086172344665	-0.8250434725988038	1.1145735803789965	nan	nan	
7.194388777555108	-0.7954622553072176	1.822381938788412	nan	nan	
7.23446893787575	-0.7520112319771538	2.492415772724631	nan	nan	
7.274549098196392	-0.6955648414318177	3.113544328221733	nan	nan	
7.314629258517034	-0.6272107179677168	3.675698376613147	nan	nan	
7.354709418837675	-0.5482267981221385	4.17001708930697	nan	nan	
7.394789579158317	-0.4600557322972657	4.588969815306208	nan	nan	
7.434869739478959	-0.3642771187643393	4.926451580345986	nan	nan	
7.474949899799597	-0.26257809615096517	5.17785161897229	nan	nan	
7.515030060120239	-0.15672283930330227	5.3400947323221954	nan	nan	
7.555110220440881	-0.048521502713653096	5.411655727305136	nan	nan	
7.595190380761522	0.060200854043819085	5.392547630563154	nan	nan	
7.635270541082164	0.16763484264844034	5.284284777040097	nan	nan	
7.675350701402806	0.2720163339332566	5.089822243097007	nan	nan	
7.715430861723448	0.37165460017519236	4.8134734236253385	nan	nan	
7.755511022044086	0.464958593795405	4.460807838183499	nan	nan	
7.795591182364728	0.5504609889412959	4.03853149035619	nan	nan	
7.8356713426853695	0.6268396611767388	3.5543522957393323	nan	nan	
7.875751503006011	0.6929363325967174	3.0168332364567134	nan	nan	
7.915831663326653	0.7477721641256301	2.4352359940197545	nan	nan	
7.955911823647295	0.7905601325891153	1.8193578585022565	nan	nan	
7.9959919839679365	0.8207140864226049	1.17936471198749	nan	nan	
8.036072144288575	0.8378544296916759	0.525622840265936	nan	nan	
8.076152304609217	0.8418104385943436	-0.131467758404111	nan	nan	
8.116232464929858	0.8326192670006954	-0.7816360217343928	nan	nan	
8.1563126252505	0.8105217471373714	-1.4148960405994249	nan	nan	
8.196392785571142	0.7759551375972374	-2.021694644025365	nan	nan	
8.236472945891784	0.7295430128873052	-2.5930483644128137	nan	nan	
8.276553106212425	0.6720825262452804	-3.120668030280718	nan	nan	
8.316633266533067	0.604529310074643	-3.597069485567302	nan	nan	
8.356713426853705	0.5279803057777279	-4.01566919859078	nan	nan	
8.396793587174347	0.4436548368058957	-4.370863795629306	nan	nan	
8.436873747494989	0.3528742552854126	-4.658092829300927	nan	nan	
8.47695390781563	0.25704050359405284	-4.873884366263687	nan	nan	
8.517034068136272	0.15761393781629085	-5.015883248188015	nan	nan	
8.557114228456914	0.0560907602325404	-5.082862140723992	nan	nan	
8.597194388777556	-0.04601959688993856	-5.074715733856344	nan	nan	
8.637274549098194	-0.1472168036645457	-4.992438690513319	nan	nan	
8.677354709418836	-0.24603136280509158	-4.838088155851095	nan	nan	
8.717434869739478	-0.34104543774643187	-4.614731834939694	nan	nan	
8.75751503006012	-0.43091250076484977	-4.326382819705478	nan	nan	
8.797595190380761	-0.5143755484791067	-3.9779224954222214	nan	nan	
8.837675350701403	-0.590283660141583	-3.5750129816819967	nan	nan	
8.877755511022045	-0.6576067043965277	-3.1240006619216727	nan	nan	
8.917835671342683	-0.7154480321750494	-2.631812428919933	nan	nan	
8.957915831663325	-0.7630550265949252	-2.1058463212917125	nan	nan	
8.997995991983966	-0.7998274146265999	-1.5538582483138192	nan	nan	
9.038076152304608	-0.8253232793731631	-0.9838464981860168	nan	nan	
9.07815631262525	-0.8392627456105716	-0.4039356991265147	nan	nan	
9.118236472945892	-0.8415293442866293	0.17773814512985392	nan	nan	
9.158316633266534	-0.8321690935557569	0.7531399922425314	nan	nan	
9.198396793587175	-0.811387364236684	1.3144440045249528	nan	nan	
9.238476953907814	-0.7795436259660513	1.8541363364058572	nan	nan	
9.278557114228455	-0.73714419646679	2.3651112225362922	nan	nan	
9.318637274549097	-0.6848331399846707	2.8407592540463824	nan	nan	
9.358717434869739	-0.6233814818419567	3.275046871709773	nan	nan	
9.39879759519038	-0.5536749240335938	3.662586253908809	nan	nan	
9.438877755511022	-0.47670026171405167	3.99869493199833	nan	nan	
9.478957915831664	-0.3935307122036873	4.279444623657607	nan	nan	
9.519038076152302	-0.3053103767392246	4.501698933872507	nan	nan	
9.559118236472944	-0.2132380606051839	4.663139731161741	nan	nan	
9.599198396793586	-0.1185506795532425	4.762282161523775	nan	nan	
9.639278557114228	-0.022506479628274016	4.798478412427202	nan	nan	
9.67935871743487	0.0736317062089081	4.771910482247093	nan	nan	
9.719438877755511	0.16861294778882202	4.683572345273003	nan	nan	
9.759519038076153	0.26121424601898696	4.535242027366562	nan	nan	
9.799599198396791	0.3502559035151802	4.329444221303933	nan	nan	
9.839679358717433	0.43461605502849404	4.069404172766811	nan	nan	
9.879759519038075	0.5132441907167158	3.7589936570120335	nan	nan	
9.919839679358716	0.5851735225565274	3.4026699418168675	nan	nan	
9.959919839679358	0.6495320628151505	3.005408693928086	nan	nan	
10.0	0.7055523032142286	2.572631833694135	nan	nan	
