12:42:02
time to do symbolics	= 0.04328179359436035s 
time to do numerics	= 0.5216171741485596s 
t	x	x' 
0.0	1.0	0.0 
0.035035035035035036	0.9993863359342507	-0.035027868161119566 
0.07007007007007007	0.9975460969041743	-0.07001274563425856 
0.10510510510510511	0.9944815414869009	-0.1049116944951172 
0.14014014014014015	0.9901964308975049	-0.1396818822819988 
0.17517517517517517	0.984696024372759	-0.17428063456529505 
0.21021021021021022	0.9779870727163259	-0.20866548732301396 
0.24524524524524527	0.9700778100133063	-0.24279423905806852 
0.2802802802802803	0.9609779435243151	-0.2766250025933613 
0.3153153153153153	0.950698641771487	-0.3101162564810955 
0.35035035035035034	0.9392525208310355	-0.34322689596321543 
0.3853853853853854	0.9266536288491873	-0.3759162834204329 
0.42042042042042044	0.9129174288004975	-0.4081442982479201 
0.45545545545545546	0.8980607795097056	-0.43987138609645693 
0.49049049049049054	0.8821019149604262	-0.4710586074185965 
0.5255255255255256	0.8650604219160672	-0.5016676852602667 
0.5605605605605606	0.8469572158804448	-0.5316610522391534 
0.5955955955955956	0.8278145154275969	-0.5610018966522049 
0.6306306306306306	0.8076558149323019	-0.5896542076556712 
0.6656656656656657	0.7865058557347723	-0.6175828194622254 
0.7007007007007007	0.7643905957749112	-0.6447534545009235 
0.7357357357357358	0.7413371777334027	-0.6711327654870318 
0.7707707707707708	0.7173738957187364	-0.6966883763500876 
0.8058058058058059	0.692530160541052	-0.721388921969961 
0.8408408408408409	0.6668364636154245	-0.7452040866721493 
0.8758758758758759	0.6403243395388928	-0.7681046414350575 
0.9109109109109109	0.613026327387162	-0.7900624797635979 
0.9459459459459459	0.5849759307784798	-0.8110506521850831 
0.9809809809809811	0.5562075767537036	-0.8310433993250714 
1.016016016016016	0.5267565735230251	-0.850016183522572 
1.0510510510510511	0.4966590671312101	-0.8679457189458065 
1.0860860860860861	0.46595199709454127	-0.8848100001715653 
1.1211211211211212	0.4346730510639105	-0.9005883291930824 
1.1561561561561562	0.4028606185697048	-0.9152613408232817 
1.1911911911911912	0.3705537439052556	-0.9288110264622156 
1.2262262262262262	0.33779207820667945	-0.9412207561995265 
1.2612612612612613	0.304615830787923	-0.9524752992248036 
1.2962962962962963	0.27106571979074073	-0.9625608425207848 
1.3313313313313313	0.2371829222101745	-0.9714650078164615 
1.3663663663663663	0.20300902335686874	-0.9791768667792787 
1.4014014014014013	0.16858596581824908	-0.9856869544277853 
1.4364364364364366	0.13395599798120467	-0.9909872807482719 
1.4714714714714716	0.09916162217945518	-0.9950713405011389 
1.5065065065065066	0.06424554252923984	-0.9979341212049612 
1.5415415415415417	0.029250612517354994	-0.9995721092884464 
1.5765765765765767	-0.0057802175941359495	-0.9999832944027408 
1.6116116116116117	-0.040803953481967414	-0.9991671718887863 
1.6466466466466467	-0.0757776095298141	-0.997124743396703 
1.6816816816816818	-0.11065826158574715	-0.9938585156564358 
1.7167167167167168	-0.1454030996442533	-0.9893724974011744 
1.7517517517517518	-0.179969480388159	-0.9836721944473217 
1.7867867867867868	-0.21431497952597314	-0.976764602937051 
1.8218218218218218	-0.24839744386041357	-0.9686582007517439 
1.8568568568568569	-0.2821750430242118	-0.9593629371068475 
1.8918918918918919	-0.3156063208196997	-0.9488902203409231 
1.926926926926927	-0.34865024609916684	-0.9372529039138705 
1.9619619619619622	-0.38126626312354284	-0.9244652706315158 
1.9969969969969972	-0.41341434133759586	-0.910543015115922 
2.032032032032032	-0.4450550245005604	-0.895503224542937 
2.067067067067067	-0.47614947911189065	-0.8793643576706228 
2.1021021021021022	-0.5066595420727086	-0.8621462221843027 
2.1371371371371373	-0.5365477675244485	-0.8438699503860306 
2.1721721721721723	-0.5657774728072131	-0.8245579732583237 
2.2072072072072073	-0.5943127834814333	-0.8042339929339856 
2.2422422422422423	-0.6221186773575778	-0.7829229536058123 
2.2772772772772774	-0.6491610274798707	-0.7606510109118829 
2.3123123123123124	-0.6754066440112652	-0.7374454998340086 
2.3473473473473474	-0.7008233149682638	-0.7133349011487412 
2.3823823823823824	-0.7253798457555918	-0.6883488064721144 
2.4174174174174174	-0.7490460974522021	-0.662517881941021 
2.4524524524524525	-0.7717930238016202	-0.6358738305758007 
2.4874874874874875	-0.7935927068612323	-0.6084493533702311 
2.5225225225225225	-0.8144183912667617	-0.5802781091566782 
2.5575575575575575	-0.8342445170698799	-0.5513946732956646 
2.5925925925925926	-0.8530467511086499	-0.5218344952405568 
2.6276276276276276	-0.870802016872301	-0.49163385502945417 
2.6626626626626626	-0.8874885228236792	-0.46082981875767687 
2.6976976976976976	-0.9030857891446139	-0.429460193085505 
2.7327327327327327	-0.9175746728713751	-0.3975634788370005 
2.7677677677677677	-0.9309373913893708	-0.36517882374686306 
2.8028028028028027	-0.9431575442582507	-0.3323459744133136 
2.837837837837838	-0.9542201333406277	-0.299105227515976 
2.872872872872873	-0.9641115812097133	-0.26549738035863024 
2.907907907907908	-0.972819747813277	-0.23156368079753126 
2.9429429429429432	-0.9803339453734722	-0.19734577661675615 
2.9779779779779783	-0.9866449515042478	-0.1628856644127069 
3.0130130130130133	-0.9917450205302414	-0.12822563805050616 
3.0480480480480483	-0.9956278929932648	-0.09340823675554669 
3.0830830830830833	-0.9982888033347131	-0.05847619290390348 
3.1181181181181183	-0.9997244857444689	-0.023472379575686403 
3.1531531531531534	-0.9999331781691227	0.011560242064297122 
3.1881881881881884	-0.9989146244745911	0.0465786754939882 
3.2232232232232234	-0.9966700747604768	0.08153994160491757 
3.2582582582582584	-0.9932022838257862	0.11640113145167448 
3.2932932932932935	-0.9885155077878878	0.15111945891526252 
3.3283283283283285	-0.982615498858859	0.18565231321570702 
3.3633633633633635	-0.9755094982856344	0.21995731120946416 
3.3983983983983985	-0.96720622746262	0.25399234940744514 
3.4334334334334335	-0.9577158772276804	0.287715655649813 
3.4684684684684686	-0.9470500953546365	0.32108584037412935 
3.5035035035035036	-0.9352219722576256	0.3540619474139287 
3.5385385385385386	-0.9222460249248676	0.38660350426537393 
3.5735735735735736	-0.9081381791015568	0.41867057176029837 
3.6086086086086087	-0.8929157497437469	0.4502237930846709 
3.6436436436436437	-0.8765974197672186	0.48122444208232074 
3.6786786786786787	-0.8592032171174111	0.5116344707846383 
3.7137137137137137	-0.8407544901885615	0.5414165561079176 
3.7487487487487487	-0.8212738816222199	0.5705341456610267 
3.7837837837837838	-0.8007853005172986	0.5989515026071855 
3.818818818818819	-0.7793138930857619	0.6266337495247915 
3.853853853853854	-0.7568860117899736	0.6535469112134593 
3.888888888888889	-0.7335291829995779	0.679657956392741 
3.9239239239239243	-0.7092720732076114	0.7049348382423455 
3.9589589589589593	-0.6841444538473115	0.7293465337341015 
3.9939939939939944	-0.6581771647527961	0.7528630817073949 
4.029029029029029	-0.6314020763084698	0.7754556196413422 
4.064064064064064	-0.6038520503336036	0.7970964190785753 
4.099099099099099	-0.5755608997500999	0.8177589196571566 
4.134134134134134	-0.5465633470829426	0.837417761708859 
4.1691691691691695	-0.5168949818442644	0.8560488173837996 
4.2042042042042045	-0.4865922168533385	0.8736292202632292 
4.2392392392392395	-0.4556922435461003	0.8901373934241308 
4.2742742742742745	-0.4242329863290523	0.9055530759211843 
4.3093093093093096	-0.39225305603357313	0.9198573476535948 
4.344344344344345	-0.3597917025277578	0.9330326525862646 
4.37937937937938	-0.3268887665439504	0.9450628202968087 
4.414414414414415	-0.2935846307810928	0.9559330858219693 
4.44944944944945	-0.25992017034190207	0.9656301077790707 
4.484484484484485	-0.22593670256570686	0.9741419847402729 
4.51951951951952	-0.19167593631851482	0.9814582698395298 
4.554554554554555	-0.15717992080254775	0.9875699835943209 
4.58958958958959	-0.12249099394807303	0.9924696249264234 
4.624624624624625	-0.08765173045087066	0.996151180368196 
4.65965965965966	-0.05270488951911142	0.9986101314430775 
4.694694694694695	-0.01769336239377787	0.9998434602112396 
4.72972972972973	0.017339880292962354	0.9998496529735897 
4.764764764764765	0.052351841256822206	0.9986287021295764 
4.7997997997998	0.08729954933317181	0.9961821061865178 
4.834834834834835	0.12214011221675769	0.9925128679204412 
4.86986986986987	0.15683076910463556	0.9876254906906918 
4.904904904904905	0.1913289431777068	0.9815259729128327 
4.93993993993994	0.22559229385644614	0.9742218006966215 
4.974974974974975	0.25957876876668623	0.9657219386580963 
5.01001001001001	0.29324665535167926	0.9560368189170508 
5.045045045045045	0.32655463206709134	0.9451783282934003 
5.08008008008008	0.35946181909609637	0.9331597937181527 
5.115115115115115	0.3919278285223252	0.9199959658768916 
5.15015015015015	0.4239128138990915	0.9057030011058448 
5.185185185185185	0.45537751915405683	0.8902984415627583 
5.22022022022022	0.48628332676931246	0.8738011936969127 
5.255255255255255	0.5165923051777455	0.856231505044706 
5.29029029029029	0.5462672553175182	0.8376109393792828 
5.325325325325325	0.5752717562875234	0.8179623502447085 
5.36036036036036	0.6035702100477804	0.7973098529071725 
5.395395395395395	0.6311278851099115	0.7756787947576427 
5.43043043043043	0.657910959164074	0.7530957242023001 
5.465465465465465	0.6838865605900335	0.7295883580789329 
5.5005005005005	0.7090228088014271	0.7051855476392817 
5.535535535535535	0.7332888533737046	0.6799172431390866 
5.57057057057057	0.7566549119077225	0.6538144570792962 
5.605605605605605	0.7790923065825196	0.626909226143552 
5.640640640640641	0.8005734993524146	0.5992345718786654 
5.675675675675676	0.8210721257452217	0.5708244601663462 
5.710710710710711	0.8405630272201126	0.5417137595359177 
5.745745745745746	0.8590222820453988	0.511938198369191 
5.780780780780781	0.8764272346583467	0.4815343210500171 
5.815815815815816	0.8927565234709871	0.45053944311233657 
5.850850850850851	0.9079901070877929	0.4189916054417747 
5.8858858858858865	0.9221092889030477	0.3869295275869925 
5.9209209209209215	0.9350967400477158	0.3543925602380954 
5.9559559559559565	0.9469365206576509	0.32142063693042433 
5.9909909909909915	0.9576140994370397	0.28805422503300443 
6.0260260260260265	0.96711637149307	0.25433427608180453 
6.061061061061062	0.9754316744199341	0.22030217551876521 
6.096096096096097	0.9825498026124281	0.18599969189828144 
6.131131131131132	0.9884620197915778	0.15146892562348088 
6.166166166166167	0.9931610697269194	0.1167522572752148 
6.201201201201202	0.9966411851422763	0.0818922955971789 
6.236236236236237	0.9988980947940982	0.04693182520100359 
6.271271271271272	0.9999290287136792	0.011913754055496537 
6.306306306306307	0.999732721606818	-0.02311893917551458 
6.341341341341342	0.9983094144067494	-0.05812325788210518 
6.376376376376377	0.9956608539784396	-0.09305624027920273 
6.411411411411412	0.9917902909746105	-0.12787501213479413 
6.446446446446447	0.9867024758461211	-0.1625368393906768 
6.481481481481482	0.9804036530116068	-0.19699918061117047 
6.516516516516517	0.9729015531935277	-0.2312197391954179 
6.551551551551552	0.9642053839300355	-0.2651565152891931 
6.586586586586587	0.954325818274304	-0.2987678573325038 
6.621621621621622	0.9432749816951892	-0.3320125131797228 
6.656656656656657	0.9310664371953014	-0.36484968072950685 
6.691691691691692	0.9177151686647497	-0.39723905800236337 
6.726726726726727	0.903237562490993	-0.4291408926044037 
6.761761761761762	0.887651387447365	-0.4605160305165743 
6.796796796796797	0.8709757728849594	-0.491325964149486 
6.831831831831832	0.8532311852546386	-0.5215328796048614 
6.866866866866867	0.834439402987983	-0.5510997030855964 
6.901901901901902	0.8146234897680097	-0.579990146397474 
6.936936936936937	0.7938077662224646	-0.6081687514866861 
6.971971971971972	0.7720177800744329	-0.6356009339585005 
7.007007007007007	0.749280274786899	-0.6622530255236609 
7.042042042042042	0.7256231567397422	-0.6880923153204263 
7.077077077077077	0.7010754609794521	-0.713087090061531 
7.112112112112112	0.6756673155835987	-0.7372066729567949 
7.147147147147147	0.6494299046837956	-0.7604214613636106 
7.182182182182182	0.6223954301925378	-0.7827029631190996 
7.217217217217217	0.5945970722808888	-0.8040238315093455 
7.252252252252252	0.5660689486555227	-0.8243578988327849 
7.287287287287287	0.5368460726851041	-0.8436802085165639 
7.322322322322322	0.5069643104273945	-0.861967045746442 
7.357357357357357	0.4764603366098318	-0.8791959665726511 
7.392392392392392	0.4453715896176046	-0.8953458254559856 
7.4274274274274275	0.41373622554446965	-0.9103968012203183 
7.4624624624624625	0.381593071362704	-0.9243304213796872 
7.4974974974974975	0.34898157726967005	-0.9371295848100972 
7.5325325325325325	0.3159417682694784	-0.9487785827382103 
7.5675675675675675	0.28251419504917424	-0.9592631180211656 
7.602602602602603	0.24873988420973864	-0.9685703226938648 
7.637637637637638	0.21466028791298677	-0.9766887737621872 
7.672672672672673	0.18031723300616379	-0.9836085072227527 
7.707707707707708	0.1457528696866784	-0.9893210302920227 
7.742742742742743	0.1110096197699799	-0.9938193318297323 
7.777777777777778	0.07613012462407079	-0.9970978909438604 
7.812812812812813	0.04115719283455608	-0.9991526837665753 
7.847847847847849	0.006133747664461134	-0.9999811883928414 
7.882882882882884	-0.028897225626693026	-0.9995823879756238 
7.917917917917919	-0.06389273253991329	-0.9979567719738934 
7.952952952952954	-0.09880982210508901	-0.9951063355519002 
7.987987987987989	-0.1336056395959268	-0.9910345771304518 
8.023023023023024	-0.16823747912676168	-0.9857464940932037 
8.058058058058059	-0.2026628360666919	-0.9792485766532291 
8.093093093093094	-0.2368394592067082	-0.9715487998873982 
8.128128128128129	-0.27072540261579126	-0.962656613948342 
8.163163163163164	-0.30427907712233276	-0.9525829324660141 
8.198198198198199	-0.33745930135769564	-0.9413401191530855 
8.233233233233234	-0.37022535229926645	-0.9289419726306123 
8.268268268268269	-0.4025370152509664	-0.9154037094925999 
8.303303303303304	-0.4343546331998795	-0.9007419456302492 
8.338338338338339	-0.4656391554884197	-0.8849746758388061 
8.373373373373374	-0.4963521857423019	-0.8681212517320424 
8.408408408408409	-0.5264560289954918	-0.8502023579914763 
8.443443443443444	-0.5559137379542987	-0.831239986979481 
8.478478478478479	-0.5846891583438277	-0.8112574117474394 
8.513513513513514	-0.6127469732811394	-0.7902791574720737 
8.548548548548549	-0.6400527466206526	-0.7683309713550056 
8.583583583583584	-0.6665729652185954	-0.7454397910224921 
8.618618618618619	-0.6922750800646292	-0.7216337114641185 
8.653653653653654	-0.7171275462301644	-0.6969419505510274 
8.68868868868869	-0.7410998615843389	-0.6713948131760036 
8.723723723723724	-0.7641626042301415	-0.6450236540594269 
8.75875875875876	-0.7862874686147333	-0.6178608392667411 
8.793793793793794	-0.8074473002696496	-0.5899397064846721 
8.82882882882883	-0.8276161291382426	-0.5612945241049466 
8.863863863863864	-0.8467692014494623	-0.5319604491657312 
8.8988988988989	-0.8648830100988567	-0.5019734842024101 
8.933933933933934	-0.8819353234995018	-0.4713704330606611 
8.96896896896897	-0.8979052128674538	-0.44018885572606026 
9.004004004004004	-0.9127730779082347	-0.40846702222565473 
9.03903903903904	-0.9265206708728243	-0.37624386565808227 
9.074074074074074	-0.939131118953637	-0.343558934409884 
9.10910910910911	-0.9505889449929924	-0.31045234361665686 
9.144144144144144	-0.9608800864786666	-0.2769647259286194 
9.17917917917918	-0.969991912803209	-0.24313718164101705 
9.214214214214214	-0.977913240765842	-0.20901122825057344 
9.24924924924925	-0.9846343482979183	-0.17462874949989887 
9.284284284284285	-0.990146986395089	-0.1400319439723947 
9.31931931931932	-0.9944443892415388	-0.10526327330074484 
9.354354354354355	-0.9975212825138617	-0.07036541005255935 
9.38938938938939	-0.999373889854387	-0.03538118535713194 
9.424424424424425	-0.9999999375060091	-0.0003535363375899714 
9.45945945945946	-0.9993986571028335	0.03467454658704462 
9.494494494494495	-0.9975707866132139	0.06966007246520597 
9.52952952952953	-0.994518569434023	0.10456010257678858 
9.564564564564565	-0.990245751637268	0.13933180313304633 
9.5995995995996	-0.984757577372432	0.17393249784770648 
9.634634634634635	-0.9780607824301805	0.20831972031477639 
9.66966966966967	-0.9701635859753373	0.24245126612875806 
9.704704704704705	-0.961075680459271	0.2762852446833025 
9.73973973973974	-0.9508082197240784	0.30978013058472925 
9.774774774774775	-0.9393738053131584	0.3428948146173101 
9.80980980980981	-0.9267864710049849	0.3755886541977662 
9.844844844844845	-0.9130616655890549	0.4078215232570538 
9.87987987987988	-0.8982162339051547	0.43955386148821746 
9.914914914914915	-0.8822683961692143	0.4707467228998679 
9.94994994994995	-0.8652377256111233	0.5013618236156927 
9.984984984984985	-0.8471451244519562	0.5313615888613346 
10.02002002002002	-0.8280127982500876	0.5607091990809693 
10.055055055055055	-0.8078642286476858	0.589368635126982 
10.09009009009009	-0.7867241445510336	0.6173047224672805 
10.125125125125125	-0.7646184917800448	0.6444831743559882 
10.16016016016016	-0.7415744012242307	0.6708706339145314 
10.195195195195195	-0.717620155544195	0.6964347150714751 
10.23023023023023	-0.6927851544595296	0.7211440423108596 
10.265265265265265	-0.6670998786657116	0.7449682891802535 
10.3003003003003	-0.6405958524242882	0.7678782155112622 
10.335335335335335	-0.6133056048722632	0.7898457033068093 
10.37037037037037	-0.5852626300981727	0.8108437912511447 
10.405405405405405	-0.5565013460338482	0.8308467078002268 
10.44044044044044	-0.5270570522123195	0.849829902811863 
10.475475475475475	-0.49696588644370604	0.8677700776767896 
10.51051051051051	-0.46626478046226527	0.884645213913711 
10.545545545545545	-0.43499141459903623	0.9004346001932007 
10.58058058058058	-0.40318417153570957	0.9151188577572987 
10.615615615615615	-0.37088208919648225	0.9286799642036067 
10.65065065065065	-0.33812481283571516	0.9411012756046886 
10.685685685685685	-0.3049525463801972	0.9523675469356319 
10.72072072072072	-0.27140600308573476	0.962464950784695 
10.755755755755755	-0.23752635556862772	0.9713810943240787 
10.79079079079079	-0.203355185273359	0.979105034519993 
10.825825825825826	-0.16893443143851822	0.985627291563349 
10.86086086086086	-0.13430633962359428	0.9909398605045969 
10.895895895895896	-0.09951340985981175	0.9950362210784245 
10.93093093093093	-0.06459834448864694	0.9979113457062626 
10.965965965965966	-0.029603995752043012	0.999561705666774 
11.001001001001	0.005426686801352158	0.9999852754267523 
11.036036036036036	0.0404507090293752	0.999181535127115 
11.07107107107107	0.07542508496426742	0.9971514712209426 
11.106106106106106	0.11030688957056234	0.9938975752627757 
11.14114114114114	0.14505331142818922	0.9894238408506608 
11.176176176176176	0.1796217052761333	0.9837357587246948 
11.21121121121121	0.21396964435216426	0.976840310028085 
11.246246246246248	0.2480549724643968	0.9687459577389957 
11.281281281281283	0.28183585573076403	0.9594626362836984 
11.316316316316318	0.315270833922928	0.9490017393437686 
11.351351351351353	0.34831887135157735	0.9373761058723012 
11.386386386386388	0.38093940723068515	0.9246000043363024 
11.421421421421423	0.4130924054589024	0.9106891152045982 
11.456456456456458	0.44473840375699164	0.8956605117027538 
11.491491491491493	0.4758385621009922	0.8795326388586246 
11.526526526526528	0.5063547103916745	0.8623252908642532 
11.561561561561563	0.5362493953017763	0.8440595867819016 
11.596596596596598	0.5654859262435252	0.8247579446240316 
11.631631631631633	0.5940284204000291	0.8044440538390478 
11.666666666666668	0.6218418467652665	0.7831428462365708 
11.701701701701703	0.6488920691386261	0.7608804653879261 
11.736736736736738	0.6751458880212255	0.737684234539403 
11.771771771771773	0.7005710813625912	0.713582623077667 
11.806806806806808	0.7251364441076863	0.6886052115884792 
11.841841841841843	0.7488118264957533	0.6627826555516126 
11.876876876876878	0.7715681710639635	0.6361466477165184 
11.911911911911913	0.7933775483104579	0.6087298792049233 
11.946946946946948	0.8142131909730119	0.5805659993880963 
11.981981981981983	0.8340495268812476	0.5516895745880289 
12.017017017017018	0.852862210342079	0.5221360456532153 
12.052052052052053	0.8706281520198657	0.49194168446110215 
12.087087087087088	0.887325547274604	0.4611435494005932 
12.122122122122123	0.9029339029233749	0.42977943988924594 
12.157157157157158	0.9174340623922045	0.397887849980983 
12.192192192192193	0.9308082292274652	0.3655079211212569 
12.227227227227228	0.9430399889379648	0.3326793941076533 
12.262262262262263	0.954114329140913	0.2994425603148915 
12.297297297297298	0.9640176579870409	0.26583821224408744 
12.332332332332333	0.9727378208422601	0.23190759345696893 
12.367367367367368	0.9802641152053873	0.19769234795649257 
12.402402402402403	0.9865873038436245	0.16323446907598727 
12.437437437437438	0.9916996261296752	0.1285762479395548 
12.472472472472473	0.9955948075665806	0.09376022155698363 
12.507507507507508	0.9982680674885858	0.05882912061688004 
12.542542542542543	0.9997161249285857	0.023825817042092058 
12.577577577577578	0.9999372026449483	-0.011206728628207617 
12.612612612612613	0.998931029302773	-0.046225519965199816 
12.647647647647648	0.9966988398069078	-0.08118757742114557 
12.682682682682684	0.9932433737863158	-0.11604999107939415 
12.717717717717719	0.9885688722316515	-0.15076997331893086 
12.752752752752754	0.9826810722901737	-0.18530491132882798 
12.787787787787789	0.9755872002243832	-0.2196124194081464 
12.822822822822824	0.9672959625430275	-0.25365039098709885 
12.857857857857859	0.957817535315358	-0.2873770503056272 
12.892892892892894	0.9471635516817535	-0.3207510036859685 
12.927927927927929	0.93534708757604	-0.3537312903362796 
12.962962962962964	0.9223826456770295	-0.38627743262296976 
12.997997997997999	0.9082861376089737	-0.4183494857500388 
13.033033033033034	0.8930748644127804	-0.44990808678444894 
13.068068068068069	0.8767674953119592	-0.48091450296735994 
13.103103103103104	0.8593840447993583	-0.5113306792519335 
13.138138138138139	0.8409458480728143	-0.541119285009363 
13.173173173173174	0.8214755348498637	-0.5702437598458043 
13.208208208208209	0.8009970015936542	-0.5986683584739755 
13.243243243243244	0.779535382184143	-0.6263581945843535 
13.278278278278279	0.7571170170705788	-0.6532792836621235 
13.313313313313314	0.7337694209431278	-0.6793985846973299 
13.348348348348349	0.7095212489633201	-0.7046840407370373 
13.383383383383384	0.6844022615947639	-0.72910461822973 
13.418418418418419	0.6584432880772912	-0.752630345113664 
13.453453453453454	0.6316761885893651	-0.7752323476024208 
13.488488488488489	0.6041338151451856	-0.7968828856225175 
13.523523523523524	0.575849971274489	-0.8175553868595801 
13.558558558558559	0.5468593705345246	-0.8372244793712919 
13.593593593593594	0.5171975939051296	-0.8558660227270922 
13.62862862862863	0.48690104611919177	-0.873457137636406 
13.663663663663664	0.45600691098209584	-0.8899762340290406 
13.6986986986987	0.42455310573499394	-0.9054030375532863 
13.733733733733734	0.39257823451790846	-0.9197186144591989 
13.76876876876877	0.36012154098978516	-0.9329053948365229 
13.803803803803804	0.32722286016364655	-0.9449471941787375 
13.83883883883884	0.29392256951595974	-0.9558292332467561 
13.873873873873874	0.26026153943022373	-0.9655381562079024 
13.90890890890891	0.22628108303559796	-0.9740620470278998 
13.943943943943944	0.1920229055021367	-0.9813904440957549 
13.97897897897898	0.1575290528548606	-0.9875143530635876 
14.014014014014014	0.12284186036948744	-0.992426257885647 
14.04904904904905	0.08800390061315722	-0.9961201300429656 
14.084084084084084	0.053057931193922894	-0.9985914359423307 
14.11911911911912	0.01804684228313517	-0.9998371424804904 
14.154154154154154	-0.01698639602487136	-0.9998557207667669 
14.18918918918919	-0.05199878645118379	-0.9986471479995067 
14.224224224224224	-0.0869473573040809	-0.9962129074940662 
14.25925925925926	-0.12178921521939927	-0.9925559868622964 
14.294294294294295	-0.15648159780476575	-0.9876808743457633 
14.32932932932933	-0.19098192612308462	-0.9815935533072029 
14.364364364364365	-0.2252478569508649	-0.974301494886971 
14.3993993993994	-0.25923733474724964	-0.9658136488335035 
14.434434434434435	-0.2929086432699644	-0.9561404325190376 
14.46946946946947	-0.32622045677483497	-0.9452937181540779 
14.504504504504505	-0.3591318907360355	-0.9332868182162991 
14.53953953953954	-0.3916025520248175	-0.9201344691117669 
14.574574574574575	-0.4235925884851328	-0.9058528130885324 
14.60960960960961	-0.45506273784530615	-0.8904593784247975 
14.644644644644645	-0.4859743759057253	-0.8739730579159654 
14.67967967967968	-0.516289563943408	-0.8564140856869813 
14.714714714714715	-0.5459710952752638	-0.8378040123584221 
14.74974974974975	-0.5749825409229034	-0.8181656785968132 
14.784784784784785	-0.6032882943229478	-0.797523187081636 
14.81981981981982	-0.6308536150279661	-0.7759018729234314 
14.854854854854855	-0.6576446713444032	-0.7533282725693055 
14.88988988988989	-0.6836285818551692	-0.7298300912340021 
14.924924924924925	-0.708773455775928	-0.7054361688965133 
14.95995995995996	-0.7330484320955537	-0.6801764449039615 
14.994994994994995	-0.7564237174527179	-0.6540819212261964 
15.03003003003003	-0.7788706227021196	-0.6271846244062058 
15.065065065065065	-0.8003615981254815	-0.5995175662530384 
15.1001001001001	-0.820870267244093	-0.5711147033254811 
15.135135135135135	-0.8403714591914051	-0.5420108952562201 
15.17017017017017	-0.8588412396059433	-0.5122418619676327 
15.205205205205205	-0.8762569400066222	-0.48184413983172114 
15.24024024024024	-0.8925971856144104	-0.45085503682799655 
15.275275275275275	-0.9078419215861976	-0.41931258675434524 
15.31031031031031	-0.9219724376286687	-0.38725550254707897 
15.345345345345345	-0.9349713909619719	-0.3547231287674591 
15.38038038038038	-0.9468228276050014	-0.32175539331300984 
15.415415415415415	-0.9575122019561663	-0.28839275841288625 
15.45045045045045	-0.9670263946456176	-0.2546761709674421 
15.485485485485485	-0.9753537286370189	-0.2206470122929473 
15.52052052052052	-0.982483983559102	-0.1863470473331343 
15.555555555555555	-0.9884084082494166	-0.15181837339990772 
15.59059059059059	-0.9931197314948771	-0.11710336850612911 
15.625625625625625	-0.9966121709559279	-0.0822446393538897 
15.66066066066066	-0.9988814402633708	-0.04728496904210633 
15.695695695695697	-0.9999247542791468	-0.012267264557618784 
15.730730730730732	-0.9997408325146144	0.022765495885755088 
15.765765765765767	-0.9983299007021292	0.05777031559560085 
15.800800800800802	-0.9956936905179964	0.09270423217195059 
15.835835835835837	-0.9918354374571354	0.12752437023624674 
15.870870870870872	-0.9867598768620662	0.16218799405350035 
15.905905905905907	-0.9804732381110904	0.19665255998306075 
15.940940940940942	-0.9729832369727995	0.23087576869362278 
15.975975975975977	-0.9642990661362956	0.26481561707838586 
16.01101101101101	-0.9544313839287454	0.2984304498066468 
16.046046046046047	-0.9433923012341134	0.3316790104485677 
16.08108108108108	-0.9311953666291392	0.36452049211033416 
16.116116116116117	-0.9178555497547787	0.39691458751762926 
16.15115115115115	-0.9033892229435537	0.4288215384858587 
16.186186186186188	-0.8878141411253161	0.4602021847165152 
16.22122122122122	-0.871149420036135	0.49101801185968896 
16.256256256256258	-0.8534155127570033	0.5212311987838381 
16.29129129129129	-0.8346341846112096	0.5508046639947021 
16.326326326326328	-0.8148284864511306	0.5797021111464877 
16.36136136136136	-0.7940227263672859	0.6078880735893715 
16.396396396396398	-0.7722424398543194	0.6353279578987394 
16.43143143143143	-0.749514358470585	0.6619880863326482 
16.466466466466468	-0.7258663770297354	0.6878357381654867 
16.5015015015015	-0.7013275193646509	0.7128391898470222 
16.536536536536538	-0.6759279027056536	0.7369677539376265 
16.57157157157157	-0.6496987007168036	0.7601918167718136 
16.606606606606608	-0.6226721052355633	0.782482874803944 
16.64164164164164	-0.5948812867628708	0.8038135695914096 
16.676676676676678	-0.5663603537520294	0.8241577213724377 
16.71171171171171	-0.5371443107464658	0.8434903611972318 
16.746746746746748	-0.5072690154176458	0.8617877615730826 
16.78178178178178	-0.47677113455596926	0.879027465585772 
16.816816816816818	-0.44568809906856266	0.8951883144615901 
16.85185185185185	-0.4140580580392984	0.9102504735360791 
16.886886886886888	-0.3819198319073257	0.9241954565976891 
16.92192192192192	-0.34931286482167934	0.9370061485764124 
16.956956956956958	-0.3162771762303397	0.9486668265496022 
16.99199199199199	-0.28285331176326506	0.9591631790391473 
17.027027027027028	-0.24908229346957247	0.9684823235763612 
17.06206206206206	-0.21500556947005	0.9766128225129901 
17.097097097097098	-0.18066496308668464	0.9835446970589675 
17.13213213213213	-0.1461026215117504	0.9892694395296577 
17.167167167167168	-0.11136096407934565	0.9937800237875822 
17.2022022022022	-0.07648263020297905	0.9970709138657906 
17.237237237237238	-0.04151042704298981	0.999138070762313 
17.27227227227227	-0.00648727696814376	0.9999789573973377 
17.30730730730731	0.028543835124225658	0.9995925417270423 
17.34234234234234	0.0635399145647627	0.9979792980102493 
17.37737737737738	0.09845800968068494	0.9951412062263553 
17.41241241241241	0.1332552645115512	0.9910817496452466 
17.44744744744745	0.1678889714076157	0.9858059105521834 
17.48248248248248	0.20231662344609977	0.9793201641329027 
17.51751751751752	0.23649596660116215	0.9716324705264373 
17.55255255255255	0.2703850516034256	0.9627522650554184 
17.58758758758759	0.3039422854255229	0.9526904466458324 
17.62262262262262	0.3371264823303622	0.9414593644504692 
17.65765765765766	0.3698969144195677	0.9290728026924522 
17.69269269269269	0.40221336161994825	0.915545963747482 
17.72772772772773	0.4340361610467514	0.9008954494855234 
17.762762762762762	0.4653262556830111	0.8851392408948737 
17.7977977977978	0.4960452423153494	0.8682966760135791 
17.832832832832832	0.5261554186672951	0.8503884261953282 
17.86786786786787	0.5556198296723731	0.8314364707389054 
17.902902902902902	0.5844023128300729	0.811464069912393 
17.93793793793794	0.6124675425891265	0.7904957364051749 
17.972972972972975	0.6397810737035307	0.768557205242837 
18.00800800800801	0.6663093835081756	0.7456754022018411 
18.043043043043046	0.6920199130621622	0.7218784107627543 
18.07807807807808	0.716881107109288	0.6971954376426195 
18.113113113113116	0.7408624528067214	0.671656776948711 
18.14814814814815	0.7639345171742518	0.6452937729977444 
18.183183183183186	0.7860689832182338	0.6181387818460942 
18.21821821821822	0.8072386846858117	0.590225131578317 
18.253253253253256	0.8274176394068431	0.5615870814026336 
18.28828828828829	0.8465810811825304	0.5322597796036616 
18.323323323323326	0.86470549018169	0.5022792204039138 
18.35835835835836	0.8817686218072867	0.4716821997871004 
18.393393393393396	0.8977495339978685	0.4405062703373582 
18.42842842842843	0.9126286129303336	0.40878969514993263 
18.463463463463466	0.9263875970925404	0.3765714008697797 
18.4984984984985	0.939009599696163	0.3438909299158248 
18.533533533533536	0.9504791294023327	0.3107883919494138 
18.56856856856857	0.9607821093345837	0.2773044146466236 
18.603603603603606	0.9699058943558091	0.24348009383474542 
18.63863863863864	0.9778392865879846	0.20935694305424746 
18.673673673673676	0.9845725491556471	0.1749768426080111 
18.70870870870871	0.9900974181362292	0.14038198816048464 
18.743743743743746	0.9944071127026093	0.10561483894972964 
18.77877877877878	0.997496343445407	0.0707180656760315 
18.813813813813816	0.9993613188648278	0.03573449813092051 
18.84884884884885	0.9999997500240743	0.0007070726309920047 
18.883883883883886	0.9994108533586249	-0.03432122067907106 
18.91891891891892	0.9975953516379237	-0.06930739058948379 
18.953953953953956	0.9945554730783052	-0.10420849758970882 
18.98898898898899	0.9902949486082422	-0.1389817065692973 
19.024024024024026	0.9848190072892712	-0.17358433939065313 
19.05905905905906	0.9781343698982204	-0.20797392726908373 
19.094094094094096	0.9702492406786074	-0.24210826289596227 
19.12912912912913	0.9611732972713454	-0.27594545224091693 
19.164164164164166	0.9509176788370962	-0.3094439659695807 
19.1991991991992	0.9394949723848723	-0.34256269041368415 
19.234234234234236	0.926919197323638	-0.37526097803104447 
19.26926926926927	0.9132057882559039	-0.4074986972934104 
19.304304304304306	0.8983715760343947	-0.4392362819410424 
19.33933933933934	0.8824347671050814	-0.4704347795434703 
19.374374374374376	0.8654149211618862	-0.5010558993069324 
19.40940940940941	0.8473329271405324	-0.5310620590697188 
19.444444444444446	0.8282109775809523	-0.5604164314278405 
19.47947947947948	0.8080725413897734	-0.5890829889343139 
19.514514514514516	0.7869423350362532	-0.6170265483166839 
19.54954954954955	0.7648462922170783	-0.6442128136584208 
19.584584584584587	0.7418115320271909	-0.6706084184912855 
19.61961961961962	0.7178663256757789	-0.6961809667469138 
19.654654654654657	0.6930400617882072	-0.7208990725174423 
19.68968968968969	0.6673632103365501	-0.7447323985762967 
19.724724724724727	0.6408672852429173	-0.7676516936119424 
19.75975975975976	0.6135848057015515	-0.7896288281288235 
19.794794794794797	0.5855492562670854	-0.8106368289715022 
19.82982982982983	0.5567950457580277	-0.8306499124295535 
19.864864864864867	0.5273574650258294	-0.8496435158826554 
19.8998998998999	0.49727264364145213	-0.8675943279469674 
19.934934934934937	0.46657750555250616	-0.8844803170858635 
19.96996996996997	0.4353097237654744	-0.9002807586498417 
20.005005005005007	0.40350767410854727	-0.9149762603124839 
20.04004004004004	0.37121038813191454	-0.9285487858711899 
20.075075075075077	0.33845750520321977	-0.9409816773835289 
20.11011011011011	0.3052892238570757	-0.9522596756119894 
20.145145145145147	0.27174625245824513	-0.9623689387520808 
20.18018018018018	0.23786975923914674	-0.9712970594207607 
20.215215215215217	0.20370132177289801	-0.9790330798843727 
20.25025025025025	0.16928287594401745	-0.9855675055073744 
20.285285285285287	0.13465666447930638	-0.9908923164053768 
20.32032032032032	0.09986518510218963	-0.9950009772881687 
20.355355355355357	0.06495113837403615	-0.9978884454806669 
20.39039039039039	0.02995737528658693	-0.9995511771119293 
20.425425425425427	-0.005073155330300911	-0.99998713146465 
20.46046046046046	-0.04009745952093285	-0.9991957734797878 
20.495495495495497	-0.07507255097149668	-0.9971780744132595 
20.53053053053053	-0.10995550376834629	-0.9939365106438907 
20.565565565565567	-0.14470350508221144	-0.9894750606340849 
20.6006006006006	-0.17927390771355928	-0.9837992000469473 
20.635635635635637	-0.21362428243473008	-0.976915895025846 
20.67067067067067	-0.24771247006449412	-0.9688335936446721 
20.705705705705707	-0.28149663321122853	-0.9595622155392768 
20.74074074074074	-0.3149353076210973	-0.9491131397328281 
20.775775775775777	-0.3479874530683239	-0.9374991906700095 
20.81081081081081	-0.380612503724988	-0.9247346224772259 
20.845845845845847	-0.41277041794863367	-0.9108351014681042 
20.88088088088088	-0.44442172742647734	-0.8958176869157959 
20.915915915915917	-0.4755275856160046	-0.8797008101156405 
20.95095095095095	-0.5060498154223987	-0.86250425176393 
20.985985985985987	-0.5359509560543884	-0.8442491176804908 
21.02102102102102	-0.5651943090009061	-0.8249578129049316 
21.056056056056057	-0.5937439830722271	-0.804654014198293 
21.09109109109109	-0.6215649384502129	-0.7833626409839076 
21.126126126126128	-0.6486230296936885	-0.7611098247630758 
21.16116116116116	-0.6748850476460806	-0.7379228770431546 
21.196196196196198	-0.7003187601939715	-0.7138302558173599 
21.23123123123123	-0.7248929518264579	-0.6888615306374883 
21.266266266266268	-0.7485774619468452	-0.6630473463223557 
21.3013013013013	-0.771343221889577	-0.636419385346569 
21.336336336336338	-0.7931622905970456	-0.6090103289557129 
21.37137137137137	-0.8140078889124185	-0.5808538170557592 
21.406406406406408	-0.8338544324464696	-0.5519844069258419 
21.44144144144144	-0.8526775629780027	-0.522437530805159 
21.476476476476478	-0.8704541783493972	-0.49224945240596535 
21.51151151151151	-0.8871624608205215	-0.4614572224061223 
21.546546546546548	-0.902781903846273	-0.430098632975734 
21.58158158158158	-0.9172933372448249	-0.39821217139377874 
21.616616616616618	-0.9306789507257416	-0.36583697281156363 
21.65165165165165	-0.942922315749038	-0.33301277222107795 
21.686686686686688	-0.954008405688399	-0.29977985568709375 
21.72172172172172	-0.9639236142737716	-0.2661790109029717 
21.756756756756758	-0.9726557722907315	-0.2322514771307506 
21.79179179179179	-0.9801941625160939	-0.1980388945870683 
21.826826826826828	-0.9865295328714705	-0.16358325333692503 
21.86186186186186	-0.9916541077785994	-0.12892684175812283 
21.896896896896898	-0.9955615977025363	-0.09411219463952214 
21.93193193193193	-0.9982472068709729	-0.05918204097692686 
21.966966966966968	-0.9997076391602274	-0.02417925153055757 
22.002002002002	-0.9999411021406666	0.010853213791410195 
22.037037037037038	-0.998947309276607	0.04587235865877813 
22.07207207207207	-0.9967274802779879	0.08083520308990241 
22.107107107107108	-0.9932843396033858	0.1156988362022626 
22.14214214214214	-0.9886221131162121	0.1504204688781666 
22.177177177177178	-0.9827465228981889	0.18495748628106673 
22.21221221221221	-0.9756647802264813	0.2192675001579194 
22.24724724724725	-0.9673855767230888	0.25330840086350837 
22.28228228228228	-0.9579190736873792	0.2870384090427693 
22.31731731731732	-0.9472768896248331	0.32041612690779486 
22.35235235235235	-0.9354720859873334	0.35340058904647736 
22.38738738738739	-0.9225191511424689	0.3859513127005384 
22.42242242242242	-0.9084339825915624	0.41802834745113004 
22.45745745745746	-0.8932338674582108	0.4495923242511344 
22.492492492492495	-0.8769374612713206	0.4806045037438795 
22.52752752752753	-0.8595647650686489	0.5110268238090517 
22.562562562562565	-0.841137100848962	0.540821946277416 
22.5975975975976	-0.821677085402958	0.5699533027569792 
22.632632632632635	-0.8012086025550295	0.5983851395144313 
22.66766766766767	-0.7797567738499886	0.6260825613566839 
22.702702702702705	-0.7573479277206732	0.6530115744587457 
22.73773773773774	-0.7340095671743365	0.6791391280852774 
22.772772772772775	-0.7097703360374155	0.7044331551547115 
22.80780780780781	-0.6846599838001751	0.7288626115960615 
22.842842842842845	-0.658709329104303	0.7523975144502046 
22.87787787787788	-0.6319502219183435	0.7750089786687914 
22.912912912912915	-0.6044155044473141	0.7966692525656963 
22.94794794794795	-0.5761389708245656	0.8173517518774255 
22.982982982982985	-0.5471553256352687	0.837031092390748 
23.01801801801802	-0.5175001413225235	0.8556831210974386 
23.053053053053056	-0.48720981452827583	0.8732849458379599 
23.08808808808809	-0.45632152142271853	0.8898149633976384 
23.123123123123126	-0.4248731720769079	0.9052528860209126 
23.15815815815816	-0.3929033639346915	0.9195797663110515 
23.193193193193196	-0.36045133444095445	0.9327780204848417 
23.22822822822823	-0.32755691288442523	0.9448314499536461 
23.263263263263266	-0.2942604715140429	0.9557252612043992 
23.2982982982983	-0.26060287598898674	0.9654460839560914 
23.333333333333336	-0.22662543522307654	0.9739819875695004 
23.36836836836837	-0.19236985068520743	0.9813224956899917 
23.403403403403406	-0.15787816521793674	0.9874585991054514 
23.43843843843844	-0.12319271143714826	0.9923827668035383 
23.473473473473476	-0.08835605977601389	0.9960889552147135 
23.50850850850851	-0.053410966237131624	0.9985726156296786 
23.543543543543546	-0.01840031991685248	0.9998306997821376 
23.57857857857858	0.01663290963368562	0.9998616635900183 
23.613613613613616	0.05164572514632518	0.9986654690505681 
23.64864864864865	0.08659515440761746	0.9962435842869963 
23.683683683683686	0.12143830299985736	0.9925989817466041 
23.71871871871872	0.1561324069465806	0.987736134552618 
23.753753753753756	0.19063488519802324	0.9816610110141976 
23.78878878878879	0.22490339189201386	0.9743810673013649 
23.823823823823826	0.2588958683262695	0.965905238293833 
23.85885885885886	0.2925705945781961	0.9562439266149825 
23.893893893893896	0.3258862407089511	0.9454089898644219 
23.92892892892893	0.3588019174888124	0.9334137260648304 
23.963963963963966	0.39127722658170744	0.9202728573409116 
23.998998998999	0.4232723101272008	0.9060025118505253 
24.034034034034036	0.45474789965919393	0.8906202039901351 
24.06906906906907	0.4856653643011924	0.8741448128989087 
24.104104104104106	0.5159867581790928	0.8565965592878062 
24.13913913913914	0.5456748669931961	0.837996980622147 
24.174174174174176	0.5746932536923901	0.8183689046880577 
24.20920920920921	0.6030063031943422	0.7977364215753032 
24.244244244244246	0.630579266096916	0.7761248541108263 
24.27927927927928	0.6573783013270665	0.7535607267793464 
24.314314314314316	0.6833705176749645	0.7300717331690956 
24.34934934934935	0.7085240141622807	0.705686701982717 
24.384384384384386	0.732807919195176	0.6804355616549682 
24.41941941941942	0.7561924284538557	0.654349303620731 
24.454454454454456	0.7786488414722703	0.627459944278331 
24.48948948948949	0.8001495968629851	0.5998004856949325 
24.524524524524526	0.8206683061440652	0.5714048751021514 
24.55955955955956	0.8401797861263834	0.5423079632316852 
24.594594594594597	0.8586600898216744	0.5125454615420061 
24.62962962962963	0.8760865358333305	0.4821538983887077 
24.664664664664667	0.8924377361939332	0.4511705741922022 
24.6996996996997	0.9076936226152926	0.4196335156578895 
24.734734734734737	0.9218354711188361	0.3875814291048871 
24.76976976976977	0.934845925016061	0.3550536529607012 
24.804804804804807	0.9467090162108983	0.322090109480042 
24.83983983983984	0.9574101847977957	0.28873125574714403 
24.874874874874877	0.9669362969315087	0.2550180340216213 
24.90990990990991	0.97527566094663	0.22099182148890792 
24.944944944944947	0.9824180417071066	0.18669437947684667 
24.97997997997998	0.9883546731681039	0.15216780220086434 
25.015015015015017	0.9930782691348247	0.11745446510052912 
25.05005005005005	0.9965830322050561	0.08259697283100946 
25.085085085085087	0.9988646608844886	0.047638106973154175 
25.12012012012012	0.9999203548660579	0.01262077352648295 
25.155155155155157	0.9997488184668423	-0.022412049750582138 
25.19019019019019	0.9983502622182902	-0.05741736608850024 
25.225225225225227	0.9957264026078285	-0.09235221247778491 
25.26026026026026	0.991880459972171	-0.12717371239868594 
25.295295295295297	0.9868171545449056	-0.1618391284447765 
25.33033033033033	0.9805427006632227	-0.1963059147757461 
25.365365365365367	0.9730647991408796	-0.2305317693351354 
25.4004004004004	0.9643926278167809	-0.2644746857688121 
25.435435435435437	0.9545368302907522	-0.298093004980579 
25.47047047047047	0.9435095028603574	-0.33134546626152694 
25.505505505505507	0.931324179674765	-0.364191257930491 
25.54054054054054	0.9179958161239142	-0.39659006742334785 
25.575575575575577	0.9035407704833355	-0.4285021307697865 
25.61061061061061	0.8879767838371884	-0.4598882813967211 
25.645645645645647	0.8713229583041188	-0.49070999819855426 
25.68068068068068	0.8535997335927038	-0.5209294528151878 
25.715715715715717	0.8348288619152093	-0.5505095560598582 
25.75075075075075	0.8150333812905014	-0.5794140034397146 
25.785785785785787	0.7942375872688234	-0.6076073197133683 
25.82082082082082	0.7724670031131992	-0.6350549024306307 
25.855855855855857	0.7497483484739975	-0.6617230644010966 
25.89089089089089	0.7261095065951717	-0.6875790750393592 
25.925925925925927	0.7015794900923508	-0.712591200536199 
25.96096096096096	0.6761884053448598	-0.7367287428063599 
25.995995995995997	0.6499674155452935	-0.7599620771651936 
26.03103103103103	0.6229487024520739	-0.7822626886878482 
26.066066066066067	0.5951654268918516	-0.8036032072064567 
26.1011011011011	0.5666516880603126	-0.8239574409022965 
26.136136136136138	0.5374424816712532	-0.8433004084517615 
26.17117117117117	0.5075736570053794	-0.8616083696866276 
26.206206206206208	0.47708187291145226	-0.8788588547310446 
26.24124124124124	0.4460045528138762	-0.8950306915794322 
26.276276276276278	0.4143798387818521	-0.9101040320814914 
26.31131131131131	0.3822465447165685	-0.9240603763023854 
26.346346346346348	0.349644108713783	-0.9368825952282419 
26.38138138138138	0.3166125446603637	-0.9485549517890624 
26.416416416416418	0.28319239312409406	-0.9590631201732811 
26.45145145145145	0.24942467159712028	-0.9683942034102276 
26.486486486486488	0.21535082415400222	-0.9765367491989497 
26.52152152152152	0.18101267058626208	-0.9834807639639372 
26.556556556556558	0.14645235507575027	-0.989217725120525 
26.59159159159159	0.11171229446993336	-0.9937405915348948 
26.626626626626628	0.07683512622247574	-0.9970438121658625 
26.66166166166166	0.04186365606312159	-0.9991233328778224 
26.696696696696698	0.006840805460990258	-0.999976601416505 
26.73173173173173	-0.028190441054121888	-0.9996025705414291 
26.766766766766768	-0.0631870886478925	-0.9980016993112095 
26.8018018018018	-0.09810618495021453	-0.9951759525201423 
26.836836836836838	-0.1329048727718767	-0.9911287982867562 
26.87187187187187	-0.1675404427043692	-0.9858652037972949 
26.906906906906908	-0.20197038553837046	-0.9793916292093473 
26.941941941941945	-0.23615244443647088	-0.9717160197231168 
26.976976976976978	-0.2700446667961888	-0.9628477958300534 
27.012012012012015	-0.30360545573959014	-0.9527978417508156 
27.047047047047048	-0.3367936211662824	-0.9415784920767672 
27.082082082082085	-0.36956843030721154	-0.9292035166313781 
27.117117117117118	-0.40188965771710755	-0.9156881035701414 
27.152152152152155	-0.4337176346443324	-0.9010488407397133 
27.187187187187188	-0.46501329771742805	-0.8853036953191927 
27.222222222222225	-0.4957382368887175	-0.8684719917684859 
27.25725725725726	-0.5258547425760108	-0.8505743881108649 
27.292292292292295	-0.5553258519446619	-0.8316328505787817 
27.32732732732733	-0.58411539427307	-0.8116706266541068 
27.362362362362365	-0.6121880353460484	-0.7907122165358264 
27.3973973973974	-0.639509320821477	-0.7687833430702743 
27.432432432432435	-0.6660457185171088	-0.7459109201807425 
27.46746746746747	-0.6917646595655378	-0.7221230198352834 
27.502502502502505	-0.7166345783869081	-0.6974488375931754 
27.53753753753754	-0.7406249514302173	-0.671918656772411 
27.572572572572575	-0.763706334635749	-0.6455638112821087 
27.60760760760761	-0.7858503995725764	-0.6184166471655452 
27.642642642642645	-0.8070299682068613	-0.5905104829009259 
27.67767767767768	-0.8272190462582018	-0.5618795685087004 
27.712712712712715	-0.8463928551031601	-0.532559043515527 
27.74774774774775	-0.8645278621867493	-0.5025848938265662 
27.782782782782785	-0.8816018099046142	-0.4719939075589429 
27.81781781781782	-0.8975937429204017	-0.44082362989067975 
27.852852852852855	-0.9124840338848477	-0.4091123169804194 
27.88788788788789	-0.9262544075249621	-0.3768988890145897 
27.922922922922925	-0.9388879630737983	-0.34422288243953864 
27.95795795795796	-0.9503691950132275	-0.31112440143736747 
27.992992992992995	-0.9606840121043086	-0.2776440687049132 
28.02802802802803	-0.9698197546818524	-0.2438229755963972 
28.063063063063066	-0.9777652101919931	-0.20970263169082268 
28.0980980980981	-0.9845106269536641	-0.17532491384612825 
28.133133133133136	-0.9900477261271164	-0.14073201480251443 
28.16816816816817	-0.9943697118747665	-0.10596639139813456 
28.203203203203206	-0.9974712797019231	-0.07107071246059488 
28.23823823823824	-0.9993486229671394	-0.03608780643833022 
28.273273273273276	-0.9999994375542143	-0.0010606088360161983 
28.30830830830831	-0.9994229247000963	0.03396789048135523 
28.343343343343346	-0.9976197919752294	0.06895470005117477 
28.37837837837838	-0.9945922524151319	0.10385687957781892 
28.413413413413416	-0.9903440218042748	0.13863159263451108 
28.44844844844845	-0.9848803141155965	0.17323615923764496 
28.483483483483486	-0.9782078351112445	0.20762810822915725 
28.51851851851852	-0.9703347741124092	0.24176522940254663 
28.553553553553556	-0.9612707939483337	0.27560562530867555 
28.58858858858859	-0.9510270190968587	0.30910776267766055 
28.623623623623626	-0.9396160220310299	0.34223052339385 
28.65865865865866	-0.9270518077885571	0.3749332549612175 
28.693693693693696	-0.9133497967830276	0.40717582039734007 
28.72872872872873	-0.8985268058780095	0.43891864749461984 
28.763763763763766	-0.8826010277472304	0.4701227773883935 
28.7987987987988	-0.8655920085462093	0.500749912372217 
28.833833833833836	-0.8475206239226976	0.5307624629017439 
28.86886886886887	-0.8284090533954224	0.560123593729405 
28.903903903903906	-0.808280753132525	0.588797269113369 
28.93893893893894	-0.7871604271631616	0.616748297045198 
28.973973973973976	-0.7650739970575364	0.6439423724420124 
29.00900900900901	-0.7420485701126468	0.6703461192500622 
29.044044044044046	-0.7181124060827175	0.6959271314081183 
29.07907907907908	-0.6932948824952274	0.7206540126203217 
29.114114114114116	-0.6676264585950246	0.7444964148897614 
29.14914914914915	-0.6411386379608579	0.7674250757654049 
29.184184184184186	-0.6138639298401286	0.7894118542567465 
29.21921921921922	-0.5858358092493973	0.8104297653720184 
29.254254254254256	-0.5570886758895323	0.8304530132376476 
29.28928928928929	-0.5276578119260117	0.8494570227582408 
29.324324324324326	-0.4975793386861065	0.8674184697783056 
29.35935935935936	-0.4668901723261825	0.8843153097086286 
29.394394394394396	-0.43562797852343943	0.9001268045822332 
29.42942942942943	-0.4038311262477899	0.9148335485066565 
29.464464464464466	-0.37153864067051856	0.9284174914813608 
29.4994994994995	-0.33879015526761697	0.9408619615509933 
29.534534534534536	-0.30562586317647733	0.9521516852673589 
29.56956956956957	-0.2720864678657512	0.9622728064349413 
29.604604604604607	-0.23821313317881	0.971212903117011 
29.63963963963964	-0.2040474328122295	0.9789610028814102 
29.674674674674677	-0.16963129929119508	0.985507596267334 
29.70970970970971	-0.13500697250456145	0.9908446484565528 
29.744744744744747	-0.10021694786262103	0.9949656091347768 
29.77977977977978	-0.06530392414131947	0.997865420531036 
29.814814814814817	-0.030310751076818507	0.9995405236252283 
29.84984984984985	0.004719623225162329	0.9999888625162026 
29.884884884884887	0.03974420500079239	0.9992098869450257 
29.91991991991992	0.07472000759555739	0.99720455297033 
29.954954954954957	0.10960410422301813	0.9939753217949153 
29.98998998998999	0.14435368065003473	0.989526156745047 
30.025025025025027	0.17892608774390772	0.9838625184061515 
30.06006006006006	0.21327889381683016	0.9769913579208899 
30.095095095095097	0.2473699367035198	0.9689211084578204 
30.13013013013013	0.2811573755080028	0.9596616748611391 
30.165165165165167	0.31459974195615004	0.9492244214941787 
30.2002002002002	0.34765599129082897	0.9376221582916144 
30.235235235235237	0.380285552647316	0.9248691250374614 
30.27027027027027	0.4124483788470333	0.910980973888197 
30.305305305305307	0.44410499554860394	0.8959747501624182 
30.34034034034034	0.47521654969579563	0.8798688714206546 
30.375375375375377	0.5057448572029952	0.862683104860965 
30.41041041041041	0.5356524498195859	0.844438543058113 
30.445445445445447	0.56490262111581	0.8251575780760424 
30.48048048048048	0.5934594715335785	0.804863873985482 
30.515515515515517	0.6212879524470326	0.7835823378203502 
30.55055055055055	0.6483539091786845	0.7613390890086686 
30.585585585585587	0.6746241229184373	0.738161427315435 
30.62062062062062	0.7000663514939423	0.7140777993368727 
30.655655655655657	0.7246493689423458	0.6891177635871032 
30.69069069069069	0.7483430038347714	0.6633119542201705 
30.725725725725727	0.771118176306583	0.6366920434318617 
30.76076076076076	0.7929469337479014	0.6092907025875506 
30.795795795795797	0.8138024851106478	0.5811415621236905 
30.83083083083083	0.8336592337899326	0.552279170272256 
30.865865865865867	0.8524928090395055	0.5227389506587029 
30.9009009009009	0.8702800958826424	0.49255715882557943 
30.935935935935937	0.8869992634818212	0.46177083773505534 
30.97097097097097	0.9026297919323087	0.4304177723050766 
31.006006006006007	0.9171524974468308	0.3985364430348478 
31.04104104104104	0.9305495559003609	0.3661659787766583 
31.076076076076077	0.9428045247061826	0.3333461087119153 
31.11111111111111	0.9539023629963272	0.3001171135904279 
31.146146146146148	0.9638294500816648	0.26651977629268364 
31.18118118118118	0.9725736021689495	0.23259533177589808 
31.216216216216218	0.9801240873143404	0.19838541646516533 
31.25125125125125	0.9864716385950106	0.16393201715192937 
31.286286286286288	0.9916084654827084	0.12927741946238608 
31.32132132132132	0.9955282634052869	0.0944641559591726 
31.356356356356358	0.9982262214844867	0.05953495393992866 
31.391391391391394	0.9996990284404592	0.024532682996906786 
31.426426426426428	0.999944876655795	-0.010499697598094767 
31.461461461461464	0.9989634643940634	-0.04551919161886549 
31.496496496496498	0.9967559961701421	-0.08048281865523577 
31.531531531531535	0.9933251812718812	-0.11534766686417171 
31.566566566566568	0.98867523043492	-0.15007094563665901 
31.601601601601605	0.9828118506747299	-0.1846100381158494 
31.636636636636638	0.9757422382822374	-0.21892255350189968 
31.671671671671675	0.9674750699916091	-0.2529663790794211 
31.706706706706708	0.9580204923310577	-0.2866997319035716 
31.741741741741745	0.9473901091697154	-0.3200812100814672 
31.776776776776778	0.935596967475887	-0.35306984358586246 
31.811811811811815	0.9226555413041297	-0.3856251445388444 
31.846846846846848	0.9085817140308484	-0.41770715690371735 
31.881881881881885	0.8933927588601706	-0.4492765055241974 
31.916916916916918	0.8771073176240682	-0.48029444445062314 
31.951951951951955	0.8597453779027011	-0.5107229044939754 
31.986986986986988	0.84132824849311	-0.5405245399492385 
32.02202202202202	0.8218785332563193	-0.5696627744308568 
32.05705705705706	0.8014201033749865	-0.5981018457639515 
32.092092092092095	0.7799780680556331	-0.6258068498762391 
32.12712712712713	0.7575787437114031	-0.6527437836367891 
32.16216216216216	0.734249621663196	-0.6788795865890157 
32.1971971971972	0.7100193343987745	-0.7041821815267268 
32.232232232232235	0.6849176204313376	-0.7286205138633502 
32.26726726726727	0.6589752878005865	-0.7521645897461223 
32.3023023023023	0.632224176261161	-0.7747855128683776 
32.33733733733734	0.6046971182047912	-0.7964555199348166 
32.372372372372375	0.5764278983642126	-0.8171480147361523 
32.40740740740741	0.547451212348191	-0.8368376007914041 
32.44244244244244	0.5178026240586379	-0.8555001125177054 
32.47747747747748	0.4875185220420077	-0.8731126448894174 
32.512512512512515	0.4566360748286488	-0.8896535815500896 
32.54754754754755	0.4251931853147957	-0.9051026213428369 
32.58258258258258	0.3932284442432909	-0.9194408032265144 
32.61761761761762	0.3607810828400544	-0.9326505295471474 
32.652652652652655	0.32789092466453584	-0.9447155876360103 
32.68768768768769	0.2945983367331135	-0.9556211697079022 
32.72272272272272	0.2609441799755328	-0.9653538910351545 
32.75775775775776	0.22696975908511052	-0.9739018063750897 
32.792792792792795	0.19271677182436364	-0.9812544246307436 
32.82782782782783	0.15822725784814518	-0.9874027217268908 
32.86286286286286	0.12354354710720687	-0.9923391516855437 
32.8978978978979	0.08870820789543177	-0.9960576558873466 
32.932932932932935	0.05376399460461179	-0.9985536705074846 
32.96796796796797	0.01875379525075184	-0.9998241321169976 
33.003003003003	-0.01627942116358461	-0.9998674814426126 
33.03803803803804	-0.05129265738636958	-0.9986836652804825 
33.073073073073076	-0.08624294068780494	-0.9962741365614856 
33.10810810810811	-0.12108737560199098	-0.9926418525680024 
33.14314314314314	-0.1557831965737244	-0.9877912713043611 
33.17817817817818	-0.19028782044589512	-0.9817283460253983 
33.213213213213216	-0.22455889872295104	-0.974460517929869 
33.24824824824825	-0.25855436954642597	-0.9659967070276498 
33.28328328328328	-0.292232509318628	-0.9563473011919629 
33.31831831831832	-0.32555198391121165	-0.9455241434100384 
33.353353353353356	-0.358471899395676	-0.9335405172478958 
33.38838838838839	-0.39095185223366025	-0.9204111305470412 
33.42342342342342	-0.4229519788653303	-0.906152097373125 
33.45845845845846	-0.45443300463507247	-0.8907809182386836 
33.493493493493496	-0.4853562919943446	-0.8743164586242856 
33.52852852852853	-0.5156838879226523	-0.8567789258243861 
33.56356356356356	-0.545378570508346	-0.8381898441463512 
33.5985985985986	-0.5744038946321445	-0.8185720284930554 
33.633633633633636	-0.6027242366972186	-0.7979495563615323 
33.66866866866867	-0.6303048383510583	-0.7763477382919699 
33.7037037037037	-0.6571118491453649	-0.7537930868033812 
33.73873873873874	-0.6831123680816797	-0.7303132838540252 
33.773773773773776	-0.7082744839916735	-0.7059371468665881 
33.80880880880881	-0.7325673147026416	-0.6806945933597319 
33.84384384384384	-0.7559610449400543	-0.6546166042294917 
33.87887887887888	-0.7784269629206998	-0.6277351857255294 
33.913913913913916	-0.7999374955914358	-0.6000833301689948 
33.94894894894895	-0.820466242470392	-0.5716949754601006 
33.98398398398398	-0.8399880080490157	-0.5426049634251938 
34.01901901901902	-0.8584788327152435	-0.5128489970543787 
34.054054054054056	-0.8759160221597837	-0.4824635966822679 
34.08908908908909	-0.892278175229497	-0.45148605516552504 
34.12412412412412	-0.9075452101936262	-0.4199543921123048 
34.15915915915916	-0.921698389390681	-0.38790730721969235 
34.194194194194196	-0.9347203422256799	-0.35538413277651537 
34.22922922922923	-0.9465950864895812	-0.32242478538969366 
34.26426426426426	-0.9573080479746938	-0.2890697169934776 
34.2992992992993	-0.9668460783620192	-0.2553598652016244 
34.334334334334336	-0.975197471358542	-0.22133660306355357 
34.36936936936937	-0.9823519770647002	-0.18704168828601253 
34.4044044044044	-0.9883008145543729	-0.15251721198268214 
34.43943943943944	-0.9930366826519612	-0.11780554701454071 
34.474474474474476	-0.9965537688933208	-0.08294929598450176 
34.50950950950951	-0.9988477566595668	-0.04799123895001307 
34.54454454454454	-0.9999158304749806	-0.012974280917902661 
34.57957957957958	-0.9997566794625218	0.022058600814171353 
34.61461461461462	-0.9983704989527051	0.057064409404924625 
34.64964964964965	-0.9957589902438656	0.09200018124070788 
34.68468468468468	-0.9919253585141083	0.1268230386659444 
34.71971971971972	-0.9868743088874992	0.16149024260811115 
34.75475475475476	-0.9806120406593393	0.19595924503256246 
34.78978978978979	-0.9731462396875921	0.2301877411629581 
34.82482482482482	-0.9644860689598164	0.2641337214030915 
34.85985985985986	-0.9546421573471661	0.29775552289647633 
34.8948948948949	-0.9436265865592891	0.33101188066030135 
34.92992992992993	-0.9314528763160981	0.3638619782311317 
34.96496496496496	-0.9181359677546421	0.3962654977600898 
35.0	-0.9036922050914175	0.4281826694961113 
